  21  68  99  98 113 117  60  73  84  91  89  93  20  92  83  44
  90 122  44  99 125 108  60  65  73  77  88  28  20  78  85  54
  84 101 121  99  52 104 110  79  77  70  12  93  85  95  82  33
  21 120  99  98  96 108 117  84  75  90  12  89  80  24  82  47
  70 124 126 113  56  56 121  83  80   8  64  85  87  76  73  51
  21 108 101  99  52 118 115  78   4  90  89  68  70  77  81  96
  88 103 126 114 125  52  60  65  86  75  89  16  81  95  89  51
  65 105 127  48 113 118 117  77   4  69  77  69  70  81  79  96
  91 125  98 115  52 126 105  83  71  77   0  16  64  87  78  52
  90 122  44 113 120 113 109  85  65  92  12  92  91  90  83  50
  65  97 127  48 103 125 120   0  72  93  79  68  65  75  28  42
  64 123 120 127  52 121 108  84  65  70  88  28  20  92  83  44
  90 122  44 117  96  56 113  65  72  77  95  69  85  92  93  96
  67 103  96 101  96 104 125  84   4  77  89  89  71  85  83  36
  21  97  98  62  52  78 121  76   4  90  69  67  65  75  28  46
  80 123 111 121  97 118 104   0  71  71  66  67  81  91  72  37
  65 125 105  98  52 123 105  82  87  93  95  16  85  84  85  49
  64 105  97  48 100 125 120  69   8   8  77  84  93  72  85  51
  86  97  98 119  52 110 105  76  84  93  88  81  64  93  28  33
  86  40 127 117 112  56 106  69  87  92  69  82  65  84  73  45
  21 109 126 113  96  52  60  73  64   8  95  83  81  84  89  50
  92 123 125 101 113  56 104  82  77  91  88  89  69  77  89  96
  80 123 120  48  97 108  60  69  67  77  95  68  85  75  28  47
  81  97  99  62  52  77 112  84  86  65  79  85  71  24  94  41
  87 109  98 116  97 117  60  70  81  91  79  85  20  75  89  36
  21 125 120  48 101 109 117  83  85  93  73  28  20  85  93  53
  71  97 127  48 100 125 120  69   4  71  72  89  91  24  79  35
  80 100 105  98 125 107 109  85  65   8  88  85  88  84  73  51
  21 109 127 100  56  56 117  78  80  77  94  84  65  85  28  51
  80 108  44 102 113 107 104  73  70  93  64  69  89  24  89  44
  92 124  44 113 122 108 121   0  84  64  77  67  81  84  80  53
  70  40 109  98 119 109  48   0  74  77  88  69  71  24  74  37
  70 124 101 114  97 116 105  77   4  77  94  81  64  24  76  50
  90  97  98  48 121 121 105  82  77  91  12  67  85  72  85  37
  91  36  44 121 122 108 121  82  64  93  65  16  91  74  95  41
  21 110 109 115 125 116 117  83  77   8  73  69  20  84  83  34
  90 122 120 121 103  56 125  85  67  93  73  16  66  81  74  33
  88 125 127  62  52  75 121  68   4  89  89  81  89  24  80  37
  90  40 127 117 112  56 106  69  72  65  88  16  93  86  16  96
  70 125 127  96 113 118 120  73  87  91  73  16  82  89  95  41
  89  97 127 121 103  56 115  82  74  73  94  85  20  78  85  54
  84 101 121  99  52 110 117  84  69  77  12  94  65  84  80  33
  88  40  97 113 115 118 125  12   4  71  72  89  91  24  85  36
  21 105  44 116 125 123 104  85  73   8  64  69  87  76  73  51
  21 108  99 126 113 123  48   0  84  77  64  92  81  86  72  37
  70 121 121 117  52 117 115  76  72  65  95  16  66  93  82  37
  91 105 120 121 103  56 121  83  80   8  95  81  68  81  89  46
  21  97 124  99  97 117  50   0 114  73  94  89  65  75  28  33
  21 106  96 113 122 124 117  84   4  91  77  87  93  76  72  41
  70  40 105 100  52 118 105  76  72  73   0  16  90  93  77  53
  80  40  97 113 120 125 111  85  69  76  77  16  83  74  93  54
  92 108 109  48 122 125 127   0  72  77  67  16  71  93  88 108
  21 107  99 126 103 125 109  85  69  92  12  81  89  93  72  96
  80 124  44 118 113 116 117  83   4  91  67  83  93  87  79  49
  64  40 120 101 102 104 117  83   8   8  93  69  85  85  28  51
  92 124  44  99 125 108  60  77  69  68  73  67  65  89  88  33
  21 126 101 102 117 117 105  83   4  70  73  83  24  24  83  50
  86  97  44 124 123 106 121  77   4  73  73  94  81  89  82  96
  87  97 110 117 122 124 105  77   4  94  69  70  81  74  78  33
  21 105 111  48 125 124  50   0 113  92  12  89  80  24  82  37
  86  40 126 121 103 109 111   0  81  92  12  70  93  78  89  50
  71 105  44 124 117 123 105  83   8   8  77  93  81  76  28  44
  84 103 126 117 113 108  60  77  69  93  94  89  71  24  80  33
  90 122 105 117  96  56 108  82  65  92  69  69  89  24  74  37
  89  40  98 121 103 116  48   0  74  77  79  16  90  87  82  96
  84 125 107 101 113  56 121  71  65  92  12  68  81  84  80  53
  70  40  96 117 119 108 105  83  10   8 100  73  89  93  82  33
  80 103 127  48 126 109 111  84  75   8  88  85  89  72  83  50
  21 122 101  99  97 107  60  85  72  92  94  89  87  81  89  51
  21 100 109 115 125 118 117  65   4  89  89  89  71  73  73  37
  25  40 104 127 120 119 110   0  65  92  12  69  64  24  80  47
  87 103 126 100 125 107  60  85  86  70  77  16  89  87  78  34
  92  36  44 117  96  56 120  85  77   8  95  85  80  24  95  47
  91 111 121 117  52 110 117  86  69  69  89  67  20  77  78  46
  84  36  44 120 113 118 120  82  65  90  69  68  20  72  78  37
  65  97 121 125  52 110 105  76  84  93  88  81  64  93  28  35
  64 122 127 101 103  56 117  80  87  93  65  16  81  74  93  52
  25  40 111 127 122 107 121  67  80  77  88  69  81  74  28  33
  64 107 120 127 102  56 106  73  82  77  94  66  85  24  89  53
  21 120 126 127 125 118  60  80  76  73  94  85  64  74  93  96
  81  97 111 100  97 117  50   0 112  77  64  92  65  75  28  37
  82 109 127 100 117 107  60  83  65  76  12  67  93  76  28  55
  92 123 101  48 114 125 112  73  87   8  67  66  90  89  78  37
  25  40 125 101 125 107  60  69  74  65  65  16  90  81  94  40
  21 110 109 125 113 107  60  84  77  70  79  89  80  77  82  52
  21 101 109  99 103 121  60  67  72  73  95  67  24  24  74  37
  89  97 120  48 119 119 114  86  69  68  64  89  71  24  72  37
  89 100 121  99  52 126 125  67  77  68  69  67  93  24  82  53
  91 107  44 103 125 107 117   0  84  90  77  85  71  93  82  52
  27  40  65 113 115 118 125   0  80  65  66  83  93  92  73  46
  65  40  98 117 101 109 121   0  84  93  64  70  93  86  93  50
  21 101 109  99 103 121  60  86  65  91  88  89  86  77  80  53
  88  40 105 101  56  56 121  84   4  73  72  16  85  91  95  53
  88 123 109 126  52 121 112  73  85  93  77  93  20  86  73  46
  86  40 109 124 125 105 105  65  73   4  12  93  91  84  89  51
  65  97 105  48 124 121 126  73  80  73  66  68  20  89  78  35
  64  40  98 101 122 123  60  85  80   8  69  94  64  93  91  37
  71  40  98 117 119  52  60  76  65  71  12  71  93  75  85  96
  66  97 127 121  52 124 105  73  87   8  73  94  93  85  28  41
  91 124 105 119 113 106  60  83  81  91  79  89  68  81  72 108
  21 105  98 100 113  56 112  65  71  93  95  16  89  89  72  52
  92 123  44 114 125 122 121  78  64  93  65  16  94  77  79  52
  90  40 105 100  58  56  88  65  84  65  78  69  71  24  76  47
  71 124 120 121  96 119 110   0  65  92  12  67  91  91  85  47
  70 121 121  48 112 119 112  79  86   8  65  81  65  74  85  51
  21 124  99  98  96 119 110  12   4  71  94  83  93  24  74  37
  70 124 101 114  97 116 105  77   4  73  79  16  81  75  72  96
  84 101 105 100  52 109 112  84  86  65  79  85  71  20  28  53
  65  40 104 127 122 125 127   0  65  92  12  84  91  84  83  50
  21 124 121  98 100 113 111   0  64  93  69  67  20  76  73  50
  69  97 127  60  52 121 112  73  85  93  73  68  20  87  78  46
  84 122 105  48 118 116 125  78  64  65  88  16  81  76  28  33
  86  40 127 117 112  54  60 101  87  92  12  93  91  74  94  41
  21 120 105 126 117 108 117  66  81  91  12  93  85  77  78  41
  70  40 124 117 112 125  60  83  65  76   0  16  65  84  72  50
  92 107 101 117 103  56 115  68  77  71  12  92  81  91  72  53
  70  40 101 126  52 119 120  73  75   8  74  85  88  81  79 108
  21 102 121 124 120 121 113   0  66  77  64  89  71  24  79  37
  81  40 120  98 125 107 104  73  85  93  73  16  81  76  28  54
  64 100 124 101  96 121 104  69   4  73  79  30  62  50 108  53
  89 126 101 126 117 106  60  65  80   8  77  84  93  72  85  51
  86  97  98 119  52 104 110  65  65  91  73  94  64  24  95  50
  84 123  44 102 125 110 125  77  81  91   0  16  93  89  95  53
  89  97 127  48  98 125 111  84  77  74  89  92  65  85  28  36
  64  97 127  48 117 117 121  84   4  93  94  94  85  24  72  37
  88 120 121  99  56  56 116  65  71   8  64  85  87  76  73  51
  21 105 120  48 120 119 110  69  73   8  79  95  89  85  83  36
  90  40 101 126 119 125 108  84  75  91  12  67  91  84  80  41
  86  97 120 101 112 113 114  12   4  69  77  92  81  75  73  33
  81 105  44 116 123 116 115  82   4  64  85  93  81  86  93  37
  90 123  44 117 103 108  60  65  71   8  64  81  87  77  79 108
  21 109 126 127 103  56 125   0  73  73  75  94  85  24  80  47
  71 109  97  48 126 109 111  84  75   8  73  68  20  77  78  46
  84  38  44  81  96  56 112  79  86  77  65  16  86  84  93  46
  81  97 120  48  98 113 106  65  73  93  95  16  85  86  72  37
  21 109 121  48 125 116 112  79   8   8  77  66  87  77  28  45
  84 125 126 121 103  56 112  73  70  77  94  95  20  89  82  52
  80  40 124 127 102 108 104  73  80  71  94  16  64  74  85  51
  65  97 125 101 113  52  60  86  65  68  12  93  85  77  78  41
  70  40 109 125 113 108  60  65  71  75  89  93  71  89  82  96
  91 125  96 124 117  56 105  84   8   8  77  92  93  73  73  33
  88  40  96 121 115 109 112  65   4  73  12  89  68  75  73  45
  21 126 101 100 117 125  60  80  76  73  94  85  64  74  93  96
  86 122 109  99  58  56  82  85  72  68  77  16  81  76  85  33
  88  40 104 101 125  56 121  82  75  91  12  93  91  74  94  41
  21 102  99 126  52 113 120  12   4  73  64  89  69  77  93  45
  21 102 121 124 120 121 113   0  65  92  69  81  89  24  76  47
  70 125 105  98 113  56 113  79  72  77  95  68  93  93  28  45
  84 109 111 117 122 121 111  12   4  91  69  68  20  94  93  35
  92 100 101  99 125  56 106  79  72  93  88  64  85  76  28  48
  64 122 121  99  52 104 105  82  81  91  12  89  80  24  81  37
  65 125 127  60  52 117 105  83   4  94  69  70  85  85  73  51
  21 105 120  48 103 125 120   0  81  92  12  64  91  75  73  37
  71 109  44 117 122 113 113  14   4 110  73  92  93  75  28  38
  80 100 101  99  52 125 112  69  73  77  66  68  65  85  28  51
  84 120 101 117 122  56 115  70  66  65  79  89  85  24  89  50
  90 123  44 124  97 123 104  85  87   4  12  69  64  24  89  50
  90 123  44  98 125 107 105  83   4  76  67  92  91  74  28  36
  64  97 127  48 112 109 117  83   8   8  70  69  71  76  83  96
  89 105 111 101 103  56 114  79  74   8  72  95  88  87  78  96
  70 105 107 121  96 108 117  83   4  71  94  83  93  24  95  50
  84 123  32  48 117 123  60  86  65  64  69  83  65  84  93  96
  69 125 126 101 103  56 108  69  64  77  12  81  89  93  72  96
  91 103  98  48 114 109 111  67  65   4  12  94  81  91  89  51
  70  97 120 113  96 113 126  85  87   8  66  95  90  77  81  45
  76  40 105 100 125 121 113   0  73  73  89  66  93  75  28  37
  71 103 127  48 122 119 114  14   4 101  67  92  81  75  72  41
  80  40 101 116  52 109 112  76  69  69  79  95  70  72  89  50
  21 109 121  48 119 119 114  83  65  75  88  85  64  77  89  50
  21 110 109 101 119 113 126  85  87   4  12  81  89  93  72  96
  83 109  96 121 103  56 105  76  72  73  65  83  91  74  76  37
  71  40 101 126  52 119 110  78  69  90  73  16  67  81  79  41
  21 108  99 124 123 106  48   0  64  71  66  85  87  24  79  37
  81  40 111 127 122 127 105  69   4  70  67  94  65  85  81  57
  21 105  98 100 113  56 109  85  77  91  93  69  81  24  89  52
  27  40  77 116 125 104 117  83  71  65  66  87  20  89  80  41
  68 125 109 125  52 124 117  67  80  93  65  67  64  24  93  44
  92 121 121 113 121  56 120  85  77  91  12  83  91  86  88  41
  88 109  98 100  97 117  60  86  77  92  77  85  24  24  76  37
  81 109  44 117 120 113 104   0  73  73  73  83  81  86  93  51
  21 109 120 121 117 117  60  73  64   8  89  66  90  89  28  37
  71 103 127  60  52 124 105  73   4  70  89  92  88  89  81  96
  69 109 126  48 117 108  60  73  74   8  95  85  80  24  74  37
  70 124 101 114  97 116 105  77  10   8  98  89  86  80  28  54
  84 122 101 101 103  56 117  78   4  73  66  68  81  24  90  53
  70 107 105  48 101 109 125  77   8   8  94  69  64  74  73  45
  21 109  96 121  96  56 122  82  77  70  75  89  88  84  93  96
  81 109  96 117 119 108 105  83   4  69  77  85  87  93  82  33
  70  40  97 113  96 108 117  83   4  93  94  94  85  20  28  51
  80 108  44 115 123 118 123  85  65   8  95  69  71  91  85  48
  92 124  44  99  97 118 104   0  64  71  64  95  70  24  90  50
  92 102 107 121 120 116 125  12   4  70  73  65  65  93  28  35
  90 102 104 121 121 125 114  84  81  69  12  67  81  92  28  38
  80 100 101  99  52 110 121  76  77  92  12  67  87  93  80  37
  71  97 127  97  97 125  48   0  84  77  72  85  20  82  73  51
  65 103  44 116  97 113  60  85  80   8  77  92  93  73  73  33
  88  40  96 101 119 108 105  83  10   8 120  85  89  72  73  51
  21 101 109  99 103 121  60  65   4  90  69  84  93  91  73  44
  64 123  44 117 122 113 113   0  77  69  92  85  70  92  85  37
  65  40 105 119 113 108  48   0  87  77  72  16  93  86  72  37
  82 109 126  48 122 113 111  76   4  75  64  81  71  75  28  48
  64 122 121  99  52 116 117  71  81  68  77  28  20  93  80  37
  92 110 105 126 112  56 120  73  67  70  69  67  71  81  81  96
  88  97  44  97  97 113 111  81  81  77  12  64  81  92  89  96
  80 102 101 125  52 104 110  79  77  70   2  16  98  87  80  53
  65 120 109 100  52 116 125  79  86  77  73  68  20  84  93  35
  92 102 101 113  52 125 112  73  80   8  65  95  90  76  89  51
  21 124 126 121 103 108 117  81  81  77  12  69  88  84  93  45
  86 103 126  96 113 106  48   0  69  68  69  65  65  89  81  96
  89 125 111 100  97 107  60  77  65  92  89  67  20  73  73  33
  88  40 106 117 102 117 121  78  80  93  65  16  92  93  82  36
  71 109 126 121  96  52  60  78  75  70  12  64  91  74  72  52
  92 124  99  98  52 113 114   0  65  68  73  89  82  93  82  36
  21 109 121 121 103 117 115  68   4  68  69  87  65  84  93 110
  21  70 121 124 120 121 113   0  74  71  66  69  89  85  69  96
  84 100 101  97  97 121 113   0  82  77  64  89  64  24  85  45
  69 109 126 116 125 125 104   0  75  90  79  89  24  24  93  50
  86 125  44 127 102 118 125  82  65   8  90  89  64  89  89  96
  95 125 127 100 123  56 112  69  71  92  89  67  20  77  72 108
  21 120 105 124 120 125 114  84  65  91  93  69  81  24  81  41
  21 109  96 121  96  56 125  68  77  88  69  67  87  81  82  39
  21 109 120 121 117 117  60  65  65  70  73  81  90  24  93  46
  65 109  32  48 122 125 127   0  87  65  88  16  89  87  78  34
  92  40 127 117 121  56 104  69  72  68  89  67  20  72  83  50
  65 105  32  48 117  56 109  85  77  91  12  64  91  74  72  52
  92 124  99  98  52 107 121  77   4  77  66  89  89  24  86  53
  70 124  99  48 112 119 112  79  86   6  12 126  91  86  73  45
  88 113  44 113 102 123 105   0  87  73  92  89  81  86  28  46
  80 107  44 113 119  56 120  73  67  70  69  67  71  81  81 108
  21 108 121 121  52 125 114  73  73   8  73  92  81  81  90  37
  91 108  44 113 102 123 105   0  72  93  79  68  65  75  28  46
  80 107  44 122  97 107 104  79   8   8  75  66  85  78  85  36
  84  40 105 124 125 108  60  78  65  75  12  93  81  76  73  51
  21 123 101 100  52 110 117  86  65  90  94  81  24  24  76  40
  84 122 105 100 102 121  60  80  65  90  12  94  65  84  80  33
  21 109  98 121 121  56 113  85  87   8  79  69  70  89  94  41
  65 125 126  60  52 117 125  84  80  65  95  16  80  87  82  37
  86  40  96 121 118 125 110  79   4  65  72  16  64  77  78  48
  92 123  44 117 103 108  50   0 106  93  66  83  20  93  82  41
  88  40 109 117 122 125 125  78   4  73  66  68  81  24  80  33
  86 125 127  48 113 119 111   0  71  71  66  67  81  91  72  37
  65 125 105  98  56  56 104  69  72  68  89  67  20  86  89  35
  21 120 105 124 120 125 114  84  65  91  93  69  81  24  81  37
  65 125 127  48 114 125 112  73  87   8  66  81  89  24  79  37
  81  36  44 117 120 125 117  70  65  70  72  16  65  74  82  33
  21 105  44 101  96  56 114  85  72  68  77  93  20  85  93  39
  91 105  44 118 113 109 123  73  69  92   2  58  62 113  82  96
  71 125 120  98  97 117  60  73  74  92  73  87  81  74  28  54
  80 100  44 125 123 106 126  73   4  74  64  81  90  92  85  52
  25  40 123 121 103 113  60  68  77  75  88  69  89  24  74  37
  70 124 101 114  97 116 105  77   4  73  88  16  69  77  85  51
  21 109 126 127 103  56 112  65  71  93  95  28  20  78  85  54
  84 101 121  99  52 117 125  85  86  65  95  16  91  74  95  41
  21 125  96 100 102 113 127  73  65  91  12  68  81  85  76  47
  71 109  44 102 113 116 117  84   4  76  89  89  24  24  88  53
  92  40 127 101 103 123 117  80  77  92  12  85  71  76  28  33
  86  40 106 113  97 123 117  66  81  91  12  65  65  81  79  49
  64 109  44 101 120 108 110  73  71  77  95  28  20  85  93  52
  65  97 127  48 117 123  60  65  72  65  93  69  81  76  28  51
  80 108  44  97  97 113 111   0  73  73  73  83  81  86  93  51
  27  40  66 127 122  56 117  78  80  77  94  84  65  85  28  46
  64 100  96 113  52 124 115  76  75  90  73  93  20  85  93  53
  71  97 127  48 122 109 112  76  69   8  95  89  64  20  28  51
  90 108 109 124 113 107  60  80  75  90  88  68  93  76  83  50
  21  96 109 114 125 108 125  83  87  77  12  83  91  86  74  33
  89 100 101  99  52 114 105  83  80  71  12  84  93  95  82  41
  70 123 101 125  56  56 121  65   4  70  69  82  92  24  93  44
  92 121 121 113 121  56 125  85  67  93  73  16  71  77  79  35
  92 120 101 100  52 117 125  71  74  73   2  16 113  84  89  41
  83 109  98 116  52 105 105  73  87  89  89  85  20  78  89  44
  92 124  44 103 125 107 117   0  84  90  67  89  90  24  93  50
  86 125  44  96  97 116 106  73  74  73  94  28  20  81  81  48
  80 122 104 121 113 108  60  82  77  91  89  67  20  93  78  33
  65  40  97 127 120 125 111  84  77  77  12  81  89  93  72  96
  64 100 120  98 125 123 121  83   4  91  73  84  24  24  80  37
  86 124 121  99  52 104 115  84  65  70  88  89  20  85  83  50
  87  97  44 113 120 113 109  85  69  69  12  65  65  81  79  96
  92 102  34  48  80 109 117  83   4  89  89  89  71  73  73  37
  21 110 105  98 121 125 114  84  81  69  12  69  88  76  78  41
  86  97 105  99  52 125 110  65  80   8  67  66  87  81  28  33
  89  97 125 101 117 117  48   0  65  93  12  81  70  91  73  96
  67 109  96 121  96  56 125  78  80  77  12  81  20  91  83  46
  70 109 125 101 117 108  60  69  87  92   0  16  85  85  89  52
  21 122 101  99  97 107  60  86  65  64  69  83  65  84  93  96
  84 107 111 101 121 107 125  78   4  73  94  83  65  24  77  53
  84 101  32  48 113 109  60  65  73  77  88  16  89  81  28  49
  64  97 127  48 114 109 111  67  65   8  94  89  80  81  95  53
  89 125 127  60  52 107 121  68   4  77  64  85  89  93  82  52
  64 101  44 101 120 116 125  77  71  71  94  64  81  74  28  41
  91  40 109 101 115 109 121   0  84  93  64  70  93  86  93  50
  27  40  89  98 122 121  60  67  75  70  95  85  87  76  89  52
  64 109 126  48 117  56 111  85  87  88  73  94  80  81  79  51
  80  40 111 127 122 107 121  67  80  77  88  69  81  74  28  52
  84 107 101 100 125  56 120  73  71  92  89  93  24  24  81  37
  65 125 127  48  98 125 112  73  80   8  95  89  64  24  88  47
  89 103 126  48 117 108  60  67  75  70  72  89  89  93  82  52
  64 101  32  48  98 113 104  65  65   8  66  95  90  24  76  33
  71 124 121  98 125 125 114  84   4  71  94  83  93  24  77  53
  92  40 105  98 117 108  60  80  86  73  73  67  81  86  72 108
  21 108  99 126 113 123  60  80  86  77  88  89  65  85  28  33
  71 107 121  48 121 121 121  67  65  70  77  67  20  81  88  96
  80 125  32  48 122 109 112  76  69   8  89  68  20  72  89  44
  89 109  98 100 113 107 109  85  65   8  78  89  86  93  82  36
  64 101  44 100  97 106 108  73  87   8  64  69  87  76  73  51
  21 123 101 100  58  56  93  85  71  92  67  66  20  73  73  41
  70  40 101  96 103 109 113   0  77  73  79  69  88  81  79  96
  92 120 127 101 121  56 122  85  87  75  73  16  89  81  16  96
  81  97 111 100 117  56 114  69  71   8  95  83  81  84  89  50
  92 123 125 101 113  56 120  79  72  71  94  16  85  84  85  49
  64 105  97  48 117 117 121  84   4  68  67  66  81  85  16  96
  86 103  98  99 113 123 104  69  80  93  73  66  20  78  83  44
  64 124 124 113  96  56 114  85  72  68  77  16  66  93  80  96
  88 105 127  99 117  56 118  85  87  92  67  28  20  92  73  41
  21  97  98  48 103 125 120   0  65  92  12  69  70  86  93  96
  80 125  32  48 113 107 104   0  74  93  66  83  20  75  95  37
  89 109 126 121 103 105 105  69   4  92  67  66  64  87  78  96
  70 125 127 115 125 104 117  84   4  88  94  85  64  81  73  45
  27  40  79 127 122 124 117  77  65  70  88  69  89  24  74  41
  67 105  97 101 103  56 120  79  72  71  94  16  81  95  89  52
  21 109  98 121 121  56 108  69  86   8  66  69  88  84  93  45
  25  40 127 127 120 116 117  67  77  92  89  84  93  86  28  36
  92 107 120 101 121  56 114  79  74   8  73  68  20  84  85  39
  64 100 109  48 119 119 114  83  65  75  88  85  64  77  89  50
  21 107  99 126 115 109 121  12   4  73  65  85  64  24  81  33
  82 102 109  48 113 108 117  65  73   8  69  94  64  93  78  36
  64 101  44 113 113 118 121  65  74   8  65  81  64  76  85  51
  25  40 127 121  96  56 116  69  74  76  94  85  70  81  72  96
  80 124  44 124 125 127 105  76  69   8  64  89  83  77  80  33
  21 109 126 113  96  54  60  97  81  75  88  95  70  24  74  41
  65 105 105  48 100 125 112  76  65  70  88  85  71  73  73  37
  21 120 105 116 113  56 111  79  71  65  69  67  20  78  73  44
  69 125 120 113  96 125  48   0  77  70  88  85  70  92  73  45
  21 102 109 125  52 110 121  76   4  69  67  92  88  81  79  96
  91 109 125 101 113  56 127  79  74  91  73  83  64  93  72  53
  80 122  44  99 113 124  48   0  87  71  64  92  93  91  85  52
  64 108 101 126  52 116 115  82  65  69  12  64  70  89  89  51
  80 102 120  48 114 109 111  67  65   8  94  89  71  77  79  96
  88 105 105 115 113 118 125  83   4  73  64  89  69  77  93  45
  27  40  66 113 103 123 121  84  81  90  12  68  65  74  76  41
  70  40 101 126  52 118 105  78  71   8  65  89  20  92  93  48
  92 106 121  99  52 121 105  67  80  71  94  28  20  78  89  44
  21 102 105  97  97 125  60  80  86  77  88  89  65  85  28  33
  88 109 120  48 100 119 111  85  65  90  73  16  80  87  82  37
  86  40 121  98 122 121  48   0  80  77  65  64  65  75  28  49
  64  97 127  48 103 113 104   0  75  90  79  89  20  86  73  44
  89 105  44  97  97 113 111  81  81  77   2  58  62 118  73  44
  89 105  44  96 113 106  60  76  75  90  73  93  20  81  82  52
  80 111 105  98  52 107 121  77   4  93  88  28  20  78  89  44
  92 124  44  97  97 113 111  81  81  77  12  85  88  81  72  96
  88 105 107 126 117  56 113  79  72  77  95  68  93  93  28  54
  80 123 120 121 118 109 112  85  73   4  12  66  93  75  73  51
  21 105 111  48 121 121 121  67  65  70  77  67  20  85  93  51
  70 105  44 124  97 123 104  85  87   8  78  92  85  86  88  41
  65  97 101  99  52 109 112  84  86  65  79  85  71  22  28   1
  89  97 125 101 117 117  60  78  81  68  64  81  20  89  28  49
  64 105  97  48 121 119 112  69  87  92  69  81  81  24  85  46
  25  40  98 127 122  56 104  69  72  68  89  67  20  89  89  46
  80 105  98  48  98 125 114  69  74  73  88  89  71  24  89  52
  21 105  32  48  97 108  60  87  77  91  69  16  93  72  79  53
  88  40 105  99  96  56 125  84   4  73  64  89  69  77  89  52
  27  40  69  96 103 109 113   0  72  77  67  16  66  93  82  37
  91 105 120 121 103  56 114  85  72  68  77  93  20  72  73  50
  64 123  44 126  97 116 112  65   4  77  64  89  64  20  28  38
  71  97  98 119 125 116 112  65   4  65  66  16  68  74  93  37
  70 109  98 100  52 118 121  81  81  77  12  94  65  86  95  96
  81  97 109 125  52 118 115  78  81  69  65  73  24  24  81  33
  64 122 101  99  52 118 121  81  81  77  12  85  64  24  73  50
  91 105  44 113  52 119 120  73  75   4  12  67  81  86  89  35
  65 125 127  48 103 109 111  80  65  70  72  89  71  75  89  96
  69 125  96 102 125 118 125  82   4  76  67  92  91  74  28  48
  64 100 122 121 122 121 110   0  73  73  89  66  93  75  28  54
  92 126 109 125  97 107  50   0  97  79  73  68  20  89  88  41
  69  97 127 115 125 118 123   0  72  71  94  85  89  24  90  37
  89  97 127  48 101 109 117   0  74  71  66  28  20  89  89  46
  80 105  98  48 122 121 104  79  85  93  73  16  68  77  78  53
  70  40 120 121 122 123 117  68  81  70  88  16  64  77  78  48
  92 123  44 102  97 116 108  85  80  73  88  85  24  24  79  53
  70 120 105 126 112 113 111  83  65   8  73  67  64  24  82  37
  86  40 105 124 125 108  60  83  65  76  12  81  90  76  89  96
  84 101 105 100  58  56  93  78  80  77  12  70  93  78  93  45
  64 123  44 115 102 121 111   0  72  65  75  69  88  89  28  52
  64 122 124 121 103  56 120  73  69  69   0  16  80  87  80  47
  71  40 101 126  96 125 123  69  86   8  77  94  64  93  28  36
  64  97 127  48 120 119 110  69  73   8  79  69  70  75  73  51
  21 123 111 117 120 125 110  73  87  89  89  85  24  24  76  47
  71 124 109  48 122 125 127   0  77  88  95  69  89  24  93  35
  21 125 120  48 117 124 117  80  77  91  79  89  90  95  28  46
  64 102 111  62  52  85 125  85  86  65  95  16  82  89  73  35
  92 106 121  99  52 124 115  76  75  90  12  94  93  90  84  96
  70 109 104  48 125 118  60  68  75  70  73  83  24  24  81  41
  21 123  99 115 125 113 111   0  81  68  88  66  93  91  89  51
  21 109 107 117 103 108 125  83   4  88  68  81  71  93  80  44
  64 123  44 127 102 123 117   0  77  70   0  16  80  81  95  52
  84  40 109 115 119 109 113  83  69  70  12  85  88  81  72  96
  70 103  96 124 125 123 117  84  81  76  69  94  20  77  78  46
  84  40  96 101 119 108 105  83   4  78  94  89  90  95  85  44
  89 105  32  48 113 106 115  83   4  75  67  93  89  87  88  47
  21  97 124  99  97 117  60  78  81  70  79  16  90  87  82  96
  65 103 126 100 123 106  48   0  84  77  72  85  20  94  78  41
  91 111 101 124 120 121  60  77  69  79  66  81  20  89  95  96
  91  97 110 120  52 113 108  83  81  69  12  92  81  91  72  53
  70  38  44  85  97  56 114  65  73   8  89  68  20  78  93  50
  92 125 127  48 119 109 110  83  81  91  12  93  85  75  79  33
  25  40 125 101 125 107  60  77  69  93  94  89  71  24  89  52
  21 107  99 126 112 113 113  69  74  92  89  93  20  81  76  51
  64 101  44 117 103 108  60  83  65  69   0  16  80  77  85  96
  91 103  98  48 114 121 105  67  77  74  89  67  20  73  73  41
  70 121 121 117  52 125 105  73  87  69  67  84  20  76  89  45
  69 103 126  48 112 113 123  78  77  91  95  89  89  22  28   9
  91 107 105  96  96 119 111   0  77  70  88  85  70  92  73  45
  21 111 126 113  98 113 120  65   4  77  75  85  64  24  93  36
  21 108  99 126 113 123  60  83  81  91  92  85  90  92  85  51
  70 109  32  48 100 125 114  65  80  65  78  69  71  24  81  33
  64 122 101  99  52 113 114   0  77  88  95  69  89  24  74  53
  89 120 121 100 117 108 121   0  71  71  66  67  81  73  73  33
  65  36  44 121 122  56 117  78  80  77  75  85  70  24  75  41
  70  97  44 102 113 118 121  78  69  92  69  67  20  86  83  46
  64 101  97 105  52 110 121  76   8   8  90  95  88  77  72  48
  84 124  44 126 123 118 105  77  73  81  12  85  88  81  72  96
  70 103 111 121 123 107 109  85   4  77  89  16  81  95  89  52
  25  40 123 121 103 113  60  69  81   8  89  92  64  74  85  35
  92 109 127  48 121 119 110  66  77   8  90  89  64  89  89  96
  80 124 101 113 121  54  60 101  86  73  88  16  87  87  82  51
  80 107 120 117  96 109 121  82   4  94  77  66  93  77  79  96
  89 109 111 100  97 107  60  80  75  91  89  85  70  93  28  51
  86 109  96 117 102 113 111  81  81  77  12  69  64  20  28  41
  91  40 101 126  96 125 123  69  86   8  67  84  93  87  28  33
  64 107 120 127 102  56 125  84   4  94  73  67  64  81  94  53
  89 125  97  60  52 104 110  65  65  91  73  94  64  24  89  50
  90 123  44  99  97 107 127  73  84  65  88  16  68  77  78  53
  70  40 105 126 125 117  60  70  69  75  69  92  93  75  85 108
  21 100 105 115  96 109 111   0  81  68  88  66  93  91  89  51
  21  97  98  48  96 113 114  67  77  76  89  94  64  24  79  37
  81  40 124 101 102 109 111   0  80  77  65  64  91  74  18  74
  63  93  96 124 117 117 127  79  86  88  73  66  20  81  76  51
  64 101  44  97  97 121 113   0  72  77  79  68  65  75  28  36
  64  97 127  48 103 125 120   0  64  65  79  68  85  20  28  33
  88 109 120  48 112 109 117  83   4  73  66  68  81  24  93  52
  21 109 120  48 125 124  60  73  84  91  89  93  24  24  93  45
  80 124  44  96  97 106 105  83   4  70  89  92  88  89  28  51
  80 101  44 117 120 113 104   0  81  68  88  66  93  91  85  37
  70  40 100 117 122 124 110  69  86  65  88  28  20  86  73  44
  89 105  44 126  97 118 127   0  74  93  66  83  20  86  89  49
  64 109  44  96 123 107 105  69  86  77  12  81  80  81  76  41
  70 107 101 126 115  54  60 112  65  76  73  16  80  77  85  51
  21 102 101 114 124  56 111  69  73  88  73  66  20  86  73  44
  89 105  44 121 112  52  60  65  86  75  89  16  89  89  73  50
  92 123  44 124 113 123 104  85  87   8  73  69  93  75  81  47
  81  40 102 101 103 108 115   0  82  65  88  81  81  20  28  45
  90 100  96 121 103  56 114  85  74  75  12  70  91  84  73  52
  69 105 120  48 113 108  60  77  69  68  73  67  65  89  88  33
  21 122 121 100 102 109 113  14   4 124  89  66  68  81  79  96
  89 125 111 100  97 107  60  83  65  76  12  89  68  75  73  45
  21 126 105 124  52 108 115  82  80  71  94  28  20  91  83  45
  88 103 104 127  52 118 115  78   4  69  77  85  87  93  82  33
  70  40 109 101 115 109 121   0  73  73  95  67  85  24  82  53
  91 107  44 126  97 118 127  12   4  94  73  88  93  91  73  44
  84  40 121 100  52 121 112  73  85  93  77  93  20  72  84  33
  71 109 120  98 117  56 120  73  69  69  12  92  85  91  73  51
  25  40 105 119 113 108  60  77  69  79  66  81  20  86  73  44
  89 105  44 120 117 122 117  84  69  70  88  16  68  84  93  35
  80 122 109 100  52 104 105  76  82  65  66  81  70  22  28  19
  92 124  44 118 113 109 123  73  69  92  12  93  85  95  82  33
  21 100 105 115  96 109 111   0  72  71  94  85  89  24  76  47
  71 124 120 121  96 119 110  12   4  74  69  82  81  86  88  53
  88  40 101 126  96 125 110  68  81  69  12  89  80  24  79  33
  69  97 105 126  52 125 123  69  80   8  93  69  93  75  77  53
  80  40  97 113  97 106 117  83   8   8  88  95  70  76  83  50
  21 123  99 124 120 113 127  73  80  93  72  89  90  24  93  35
  21 126  99 124  97 108 108  65  80   8  74  81  65  91  85  34
  64 123  44  96 113 116 112  69  74  92  73  67  69  77  89  96
  80 125  34  48  88 121 115  82  65  77  88  16  64  93  80  44
  64 123  44 126 123 118  60  84  75  90  88  95  70  24  81  33
  70 123 109  48 103 125 120  12   4  70  67  94  20  91  83  46
  70 109 111 100 113 108 105  69  86   8  65  81  65  74  85  51
  21 108  99 126 113 123  60  76  81  75  88  69  71  24  85  46
  25  40 127 117 112  56 122  82  77  70  75  89  88  84  93  96
  84  40 127 113 115 113 104  84  77  91  12  89  90  24  76  40
  84 122 105 100 102 121  60  65  73  77  88  28  20  84  93  35
  64 123  44  97  97 113 111  81  81  77  12  94  65  86  95  96
  92 120 127 101 121  56 111  85  87  88  73  94  80  81  79  51
  80  40 101 126  52 118 125  77  10   8 127  85  89  24  79  53
  91 124  44 100  97 106 108  73  87   8  74  85  70  85  89  46
  65 125  97  48  98 125 114  69  74  73  88  89  71  24  76  50
  80 124 101 101 121  56 120  79  74  77  79  28  20  75  83  36
  84 100 105  99  52 121 113  69  80   8  74  81  65  91  85  34
  64 123  44 121 122 108 121  71  65  90  12  65  65  89  79  96
  70 103 104 113 120 125 111   0  84  77  72  85  24  24  89  52
  21 109 126 113  96  56 114  79  74   8  90  89  66  93  78  50
  84  40  98 113 121  56 112  69  71  92  89  67  24  24  75  41
  70  97  44  96 113 124 121   0  77  88  95  69  89  24  77  53
  92 123  44 117 115 125 104   0  69  93  79  68  91  74  18  96
 115 109  96 121 103  56 112  69  75   8  72  69  93  24  76  44
  84 124 105 113  52 123 115  78  64  65  65  85  90  76  73  45
  21 101 109 117 119 125 114  65  87   4  12  64  91  74  72  52
  92 124  99  98  52 116 121  67  80  93  95  16  70  81  79  53
  70  40  96 127 102 125 113   0  66  73  89  83  93  90  73  51
  21 126  99 124  97 108 108  65  80   8  66  85  69  77  89 108
  21 108  99 124 123 106  60  69  86  73  88  16  80  81  79  96
  66  97 127 121  52 113 120   0  65  92  69  81  89  20  28  51
  80 108  44 126  97 118 127   0  64  65  77  93  20  89  82  52
  80  40 124 120 117 107 121  76  72  93  95  16  81  77  16  96
  84 124  44 117 120 113 104   0  72  77  67  16  89  87  82  52
  80 123  44  99 123 116 112  73  71  65  88  69  80  81  82  96
  80 105 125 101 113  56 105  84  10   8 110  89  86  93  82  36
  64 101  44 113 102 123 105   0  72  65  75  69  88  89  28  45
  84 109 111 117 122 121 111   0  66  77  89  87  93  89  72  96
  91 125  96 124 117  56 106  69  72   4  12  88  85  90  85  52
  84 102 120  48 118 116 125  78  64  65  88  16  89  87  80  37
  70 124 101 117  52 108 121  77  84  71  94  16  65  74  82  33
  21 109 120  60  52 126 121  85  67  65  77  68  20  78  85  52
  84 109  44 118  97 107 127  69   4  73  64  89  69  77  89  52
  21 100 101 114 113 106 115   0  82  65  88  81  81  24  89  53
  25  40 101  96 103 109 113   0  73  73  88  68  93  75  28  41
  81  40 105 124 125 108  60  73  74   8  95  85  89  72  89  50
  21 105  97 117  96  54  60 109  65  92  89  67  20  74  89  48
  64 108 101 113 122 124 125  69   4  94  73  92  20  73  73  41
  70 121 121 117  52 112 121  78  64  90  73  66  93  76  28  54
  80 100  44 126 123 118  48   0  77  88  95  69  89  24  81  47
  89 100 101  99  52 117 121  84  81  91  12  92  93  95  73  44
  84  40 101 125 100 125 110  68  77  77  88  16  93  86  16  96
  84 122 111 101  52 125 111  84   4  73  94  83  65  24  85  46
  21 126 105 124  52 119 110  67  77   8  92  95  71  77  89  50
  80  38  44  64 102 121 121  83  65  70  88  16  71  87  95  41
  92 123  44 126 113 123  60  83  81  91  92  85  90  92  85  51
  70 109  44 100 125 118 127  73  64  93  66  68  20  72  83  50
  65 124 101 100 123 106  48   0  74  93  64  92  85  24  85  33
  86 125  96 121 103  56 109  85  77  91  12  84  93  89  81  44
  90 122 105 125  52 105 105  73  87   8  77  84  93  72  85  51
  86  97  98 119  56  56 112  65  71  65  66  89  85  24  76  40
  84 122 105 100 102 121  60  69  77  93  95  16  85  92  85  48
  92 123 111 121 122 127  60  73  73  88  73  66  80  81  89  52
  21 109 107 117  96  56 114  69  85  93  73  28  20  78  89  44
  92 124  44 102 125 110 125  77  81  91  12  93  85  77  78  41
  70  40 109 124 125 105 105  69  80   8  64  95  86  87  78  52
  92 123  44 125 123 118 104  69  87   6  12 102  81  75  72  41
  87 125  96 101 121  56 122  69  72  65  95  16  85  76  28  35
  90 102 122 113 120 116 117  83   4  91  73  84  20  75  85  52
  25  40  98 117 101 109 121   0  69  70  88  85  20  85  93  53
  71  97 127  48 122 109 112  76  69  69  12  67  91  84  80  41
  86  97 120 101 112 113 114   0  64  71  66  85  87  24  75  41
  70  97  32  48 120 113 126  69  86  71  12  92  85  91  73  51
  21 105 121 119  97 125  60  84  65  68  64  69  71  24  93  45
  80 124  44 118  97 107 127  69  10  34  38 113  90  76  89  96
  86 103  98  99 113 123 104  69  80  93  73  66  20  89  81  37
  65  40 105 119 113 108  60  73  74   8  69  84  20  92  85  33
  88  36  44 102 113 118 121  78  69  92  69  67  20  78  85  54
  84 101 121  99  52 118 121  67   4  69  77  87  90  89  28  41
  81  40 101 126  52 117 117  12   4  70  69  67  88  24  83  50
  86  97  44 116  97 113 111   0  85  93  69  67  69  77  89  96
  88 125 127  48 117  52  60  69  74  65  65  16  65  76  28  49
  64  97 127  48 113 108  60  68  81  65  12  70  81  75  72  41
  87 125  96 101 121  54  60 112  86  71  69  94  20  76  73  50
  69  97 127  48 113 106 115  83   4  92  94  89  71  76  85  49
  64 109  44 102 125 110 121  82  86  73  12  69  64  24  89  46
  92 101  32  48 122 125 127   0  82  65  90  81  89  77  79  96
  91 125  98 115  52 125 105   0  84  77  94  16  82  89  95  41
  89  97 127 121 103  52  60  77  77   8  95  89  64  24  83  50
  86  97  44 102 125 110 121  82  86  73  12  85  65  24  95  47
  88 101  99 116 123  54  60 105  74   8  77  16  66  93  80  41
  65  40 111 101 102 107 105  83   4  93  94  94  85  24  76  50
  84 109 127 117 122 108  48   0  77  76  12  81  87  24  73  44
  65 122 101 115 113 107  60  70  81  91  79  85  20  92  83  46
  80 107  44  98 124 119 114  67  81  91  12  93  85  75  79  33
  25  40 105  99  96  56 114  85  72  68  77  16  90  89  81  96
  89 103 126 117 121  56 106  73  80  73  73  16  87  87  82  54
  84 100  96 121 103  56 125  85  71  92  67  66  24  24  83  50
  91 105 126 117  52 105 105  65  73   8  73  68  20  94  89  50
  88 109  98 100  97 117  60  78  75  70  12  93  85  93  95  37
  91 105 127  48 117 116 117  81  81  77  88  30  20 113  76  51
  64 101  44 100  97 106 108  73  87   8  66  69  88  84  93  96
  81 103  96 127 102  56 122  65  81  75  69  82  65  75  28  38
  80 122  97 117 122 108 105  77   4  71  65  94  93  75  16  96
  84 108 101  96 125 107 127  73  74  79  12  69  88  84  93  45
  86 103 126  96 113 106  60  69  80   8  65  85  64  77  79  96
  68 125 101  99  52 104 110  79  77  76  73  94  64  24  89  44
  92 124  32  48 125 104 111  85  73   8  64  95  70  93  81  96
  89 105 111 101 103  56 125  67  71  93  65  67  85  86  28  54
  90 100 121 100 100 121 104   0  87  77  72  16  82  89  95  41
  89  97 127 121 103  52  60  80  81  68  90  89  90  89  78  96
  84 107 111 101 121 107 125  78   4  69  69  16  93  92  28  54
  90 100 121  96  96 121 104  69  73   8  65  85  64  77  79 108
  21  97  98 115 113 104 104  79  87   8  92  95  70  76  93  96
  91 125  96 124 117  56 125  77  65  92  12  92  81  91  72  53
  70  40 124 127 102 108 104  73  80  71  94  16  71  77  79  35
  92 120 101 100  58  56  82  79  74  93  65  93  77  24  73  52
  21 123 101 100  52 125 111  84   4  90  89  68  70  77  81  96
  84 124  44 120 113 118 120  82  65  90  69  68  24  24  93  52
  21 126 101 102 117 117 105  83   4  92  73  92  88  77  79  96
  95 125 127 100 123  56 122  65  81  75  69  82  65  75  28  41
  69 123 121 125  56  56 120  73  71  92  89  93  71  76  28  53
  89 124 126 121 119 113 121  83   4  69  77  85  87  93  82  33
  70  40  98 101 122 123  60  68  77  79  66  89  71  75  85  45
  21 123 121  99 100 125 114  68  77  91  95  85  26  24 112  37
  86 124 121  99  52 109 104   0  72  73  79  69  71  24  89  53
  92 123  97 127 112  56 120  73  71  92  89  93  20  72  83  50
  65 105  44 117  97  52  60  78  65  75  12  83  91  86  91  53
  80  40  97 113 103 107 125   0  66  93  95  83  81  24  79  41
  65  40 101 126  56  56 125  67   4  73  79  16  88  87  78  37
  88  40 120 101 102 104 117  83   4  70  89  92  88  89  28  41
  91 124 105  98 112 109 113   0  71  71  65  93  91  92  83 110
  21  88 105 116 113  56 106  69  72   8  66  85  87  24  93  45
  80 124  44 127 102 123 117   0  87  65  88  28  20  94  89  44
  92 123  44 121 112  56 105  84   4  73  65  85  64  24  79  33
  82  97 120 100 125 107  60  77  69  93  94  89  71  20  28  36
  90 100  99  98  52 118 121  81  81  77  12  93  85  75  79  33
  21 101 109 117 119 125 114  65  87   8  89  92  88  89  81  35
  90 122 124 117 102  56 125  67   8   8  93  69  93  75  28  33
  65  40  97 113 103 107 125   0  66  93  95  83  81  24  93  50
  86 125  44  97  97 113 111  12   4  77  75  85  64  24  82  47
  91  40  96 127 102 125 113   0  69  69  73  68  20  76  73  50
  69  97 127  48 122 119 114  85  73  69  85  16  64  81  82  35
  92 108 121 126  96  54  60 101  74  65  65  16  81  76  85  33
  88  40 111 127 122 107 121  67  80  77  88  69  81  74  28  40
  84 107  44 117 102 121 104   0  74  93  64  92  85  20  28  52
  71  97 127 100 125 105 105  69   4  93  94  94  85  24  78  40
  90 102 111 101 103  56 112  85  71  92  89  67  20  91  73  50
  70 125 127  48  97 116 104  82  77  75  69  85  71  24  81  33
  64 122 101  99  56  56 106  69  72   8  65  81  65  74  85  51
  21 126 101 102 117 117 105  83   4  73  65  85  64  24  89  52
  21 120 105 116 113  56 121  71  65  92   2  16 100  87  79  53
  80 122 105  48 100 109 110  85  87   8  92  81  70  76  73  50
  92 109  98 100  52 113 113  80  65  90  72  89  81  76  28  51
  92 124  44  99 123 116 112  73  71  65  88  69  80  81  82 108
  21 102 101  99 120  56 125  77  65  92  12  68  93  86  95  41
  81 125  98 100  52 122 117  66  65  70  72  69  89  24  95  50
  84 123  44 126 125 122 116  12   4  91  67  84  85  84  89  51
  21 101 105 100  97 107  60  83  81  91  92  85  90  92  85  51
  70 109  44 125 117 107 111  65   4  78  77  69  87  81  94  53
  70  40 104 101 125  56 125  69  74  77  77  94  26  24 111  33
  69  97 105 126  52 121 112  73  85  93  73  68  20  74  84  47
  91 107 121  99  52 104 121  82   4  76  69  81  89  24  89  52
  25  40  96 117 123  56 113  65  67  70  69  67  20  89  95  35
  64 123 109 126  96 113 105  77   4  78  73  66  89  93  82  52
  64 101  44 120 117 123  60  78  81  68  64  81  89  20  28  35
  90 102 104 121 121 125 114  84  81  69  12  85  88  93  81  37
  91 124 121 125  52 121 127   0  70  68  77  94  80  81  72  96
  86 103  98  99 113 105 105  65  80   8  73  92  93  76  28  54
  80 123 120 121 118 109 112  85  73   4  12  69  70  86  93  96
  70 103  96 124 125 123 117  84  81  76  69  94  20  77  78  46
  84  40 109 117 122 125 125  78   4  73  95  67  65  85  89  46
  81 105  44 127 102 118 125  82  65   4  12  89  90  76  89  39
  80 122  44  99 119 125 112  69  86  65  95  65  65  93  28  37
  71 103 127  48 117 117 121  84   4  65  92  67  65  85  28  52
  90 122 125 101 113 118 104  14  46  34  98  69  90  91  28  35
  90 102 127 117 119 108 121  84  81  77  94  16  71  93  81  48
  80 122  44 100 113 117 108  79  86   8  69  94  64  93  91  37
  71  40 101  96 103 109 113  12   4  90  89  68  70  77  81  96
  80 111 105 100  52 113 114   0  69   8  65  81  71  75  93  96
  65 109  97  96 123 106  48   0  69  88  88  85  90  76  28  33
  86  40 127 127 119 113 117  83   4  64  73  94  80  74  89  50
  92 124  44 116 123 118 121  67   4  65  66  30  20 117  93  39
  91 105  44 115 123 118 111  69  85  93  77  68  20  72  89  44
  89 109  98 100 113 107 109  85  65   8  77  93  81  76  28  48
  71 105 105  99 113 118 104   0  69  90  79  69  24  24  83  50
  91 105 126 117  52 113 113  80  65  90  72  89  81  76  28  37
  65  40 127 101 103 123 117  80  77  92  12  92  93  95  73  44
  84  40 101 126  56  56 122  85  87  75  73  16  89  89  73  50
  92 123  44 117 115 125 111  84  69  91  12  81  64  24  74  37
  91 109  98 113  96 113 111   0  84  71  94  68  85  20  28  45
  90 100  96 121 103  56 125  77  65  92  12  87  70  89  74  41
  81 105  44 102 125 110 125  77  81  91  12  86  85  77  95  41
  87 125 127  48 113 116 121  73  66  77  66  84  26  24 107  41
  70  97  44  99 117 127 117  84  80  65  95  16  89  89  80  37
  70 125 109 116 117  56 104  69  73  88  67  66  20  81  76  51
  64 101  44 124 125 127 105  76  69   4  12  82  93  90  89  46
  81 125  97  48 121 121 105  82  77  91  12  93  85  77  78  41
  70  40 109 124 125 105 105  65  73   8  67  66  90  89  78  37
  21 102  99 126  97 117 113  89   4  73  94  83  65  20  28  47
  83 110 101 115 125 113 111   0  65  92  69  81  89  24  88  47
  89 103 126  48 103 125 114  69  71  92  89  67  20  91  83  46
  70 109 111 100 113 108 105  69  86   8  93  69  93  75  77  53
  80  40 100 113 118 113 104  65  87  91  73  30  20 107  89  36
  21 126 105  99  96 113 126  85  72  93  65  16  87  87  81  45
  90 108  99  48 122 125 109  85  65   8  89  68  20  92  73  41
  25  40  98 101 120 116 125  77   4  75  94  81  71  24  78  53
  65 122 121 125  52 106 105  84  86  93  65  16  89  87  80  44
  92 123  44 125 117 127 114  65   4  69  73  68  65  75  16  96
  89  97 110 117 102 119  60  73  73  88  73  66  80  81  89  52
  21 102 101 114 124  56 113  65  81  90  69  67  20  84  93  47
  71 109 105 100  52 122 112  65  74  76  69  68  20  73  73  41
  70 121 121 113 121  52  60  86  65  68  69  68  20  86  89  52
  64 123  44 121 122  56 117  78  80  77  94  84  65  85  28  45
  84 100 105  99  97 121 120  65   4  73  73  94  81  89  82  96
  89 109  99  60  52 109 104   0  77  70  12  81  89  93  72  96
  80 111 105  99  96 121 111   0  74  93  66  83  20  93  72  41
  84 101  34  48  90 113 111  76   4  69  73  68  65  75  28  46
  80 107  44 115 123 118 120  73  73  77  66  68  65  85  28  41
  91 124 105 119 113 106  60  77  69  79  66  81  24  24  72  50
  92 123 120 121 101 109 121   0  69  92  12  94  81  91  28  34
  89 105  98 116 125 108  60  80  76  73  94  85  64  74  93  96
  67 109  96  60  52 121 105  67  80  71  94  16  87  87  81  45
  90 108  99  48 118 116 125  78  64  65  88  16  89  89  79  51
  84  40 120 117 120 116 105  83   4  65  72  28  20  73  73  41
  70  40 120  98 125 107 104  73  85  93  73  16  71  93  88  96
  86 103  97 125 123 124 115   0  74  93  64  92  85  85  28  54
  80 102 101 113 121  56 105  76  72  73  65  83  91  74  76  37
  71  36  44 113 113 118 121  65  74   8  66  69  88  84  93  45
  21 120 126 113 113 107 121  78  80   8  73  87  81  75  72  33
  70  40 105  98 123 107  60  86  65  68  69  68  20  76  78  41
  70 124 101  97  97 125  50   0 105  77  88  69  71  24  74  37
  70 124 101 114  97 116 105  77   4  74  69  82  81  86  88  53
  88  40  97 113 115 118 117  83   4  77  95  68  20  89  73  39
  64 109  32  48 117  56 117  78   4  78  77  69  87  81  94  53
  70  40 109 101 115 109 121   0  72  73  79  89  90  81  93  96
  70  97 120  48 122 119 114  12   4  65  72  16  64  93  80  44
  64 123  44 121 122 108 121  82  64  93  65  16  68  80  93  50
  80 124 126 113  52 107 121  77  84  77  94  16  65  76  16  96
  80 126 105 126 125 125 104   0  65  70  69  93  20  89  81  37
  65  40 125 101 125 107 109  85  65   8  65  85  64  77  79  96
  69 109 104 117  52 110 121  76   8   8  72  89  87  76  73  45
  21 125 120  48 102 109 104  82  81  69  12  84  91  84  83  50
  21 100 109 127 102 125 121  84   4  75  67  94  71  93  77  53
  84 124  34  48  69 109 125  77   4  91  73  84  20  75  89  36
  21 126 105 124  52 125 105   0  81  92  12  70  81  74  83 108
  21 123 101 100  52 123 115  78  82  73  64  92  93  75  28  33
  86  40 127 127 112 121 112  69  87   8  65  95  88  84  85  51
  21 100 109 127 102 125 121  84   4  94  73  67  64  81  94  53
  89 125  97  60  52 108 121  77  84  71  94  16  81  95  89  51
  65 105 127  48 119 119 113  77  75  76  67  16  93  86  28  35
  90 102 127 117 119 108 121  84  81  77  94  16  65  74  82  33
  21 122 101  99  97 107  50   0 119  71  72  81  88  93  79  96
  83 105 121 115 125 122 105  83   4  69  77  87  90  81  79  96
  80 100 105 125 113 118 104  85  73   8  77  94  64  93  28  51
  92 124  32  48 103 125 120   0  71  93  94  81  86  81  72  53
  71  40 101 125 100 125 110  68  77  77  88  16  87  77  78  51
  64 123  44 121 122  56 117  80  87  93  65  28  20  92  83  44
  90 122  44 121 122  56 120  73  69  69  12  95  80  81  83  96
  83 122 101 126 115 113 112  76  69   8  66  85  69  77  89  96
  81  97 111 100  97 117  48   0  72  65  75  69  88  89  28  51
  90 108 109 124 113 107  60  85  80   8  64  89  86  93  78  47
  21 106 101 114 113 118 120  85  73   8  92  95  64  93  82  52
  92  40 106 101 103 123 121  12   4  93  88  16  66  93  80  41
  65  40 124 127 103 109 121  82  65   8  95  85  80  24  93  53
  86 124  99  98  52 108 115  82  80  71  94  30  20 124  73  41
  21 109 120  48 118 113 126  69  74  76  89  93  20  93  78  33
  65  40 124  98 113 108 117  85  73   8  65  81  83  86  93 108
  21 101 109 100  96 113 111   0  65  92  12  94  91  75  72  50
  84  40 124 113 102 108 105  82  77  77  66  68  20  84  93  47
  71 109 105 100  52 110 117  84  69  77   0  16  81  95  89  52
  21 101 109 119 122 121  60  67  86  73  95  16  90  77  82  35
  21 100 101 114 113 106 115   0  65  92  12  84  93  95  82  41
  70 123 101 125  56  56 113  65  81  90  69  67  20  86  85  34
  93  40 122 127 120 109 108  84  69  92  73  16  89  87  80  37
  70 124 101 113 113  56 125  82  71  93  12  85  83  93  79  52
  84 123  44 124 113 123 104  85  87   6  12  99  65  75  95  41
  69  97 120  48 103 123 121  76  65  90  69  67  69  77  89  96
  64 100 120  98 125 123 121  83   4  88  94  95  66  81  88  37
  91 124  44 102 117 106 117  85  87   8  90  85  71  76  85  34
  64 100 121 125  56  56 125  67   4  69  73  68  65  75  28  36
  90 100  99  98  52 104 115  83  81  77  94  85  20  81  88  96
  91 103  98  48 113 109  48   0  65  92  69  81  89  24  88  47
  91 109 111  48 100 116 125  67  65  90  77  68  20  89  72  96
  70  97 120  48 100 116 125  67  65  90  77  68  26  50  54   9
  69 123 121 125  52 125 105   0  69  68  69  65  65  89  81  96
  69 122 109 117 103 125 114  84   4  76  67  94  81  91  28  44
  80 103  32  48 113 106 125  84   4  78  94  89  90  95  85  44
  89 105  44 117 115 125 104   0  66  73  79  89  88  81  79  41
  70  40 101 125 100 125 110  68  77  77  88  16  80  81  95  52
  64 101 127 100  52 113 114  12   4  69  77  68  64  81  79  96
  67  97 120 113 113  56 121  71  65  92  12  92  81  87  28  37
  65  40 109 100  56  56 110  73  87  93  95  16  80  77  85  96
  83 122 101 126 115 113 112  76  69   8  67  66  87  81  28  48
  80 100  96 117 122 108 121  83  85  93  73  16  88  81  94  37
  71 103  44  96 123 106 104  65  10   8 101  64  71  77  81  96
  80 102 101 125  52 121 120  73  84  65  95  83  93  86  91  96
  91 125  97  97  97 121 113   0  80  93  94  64  93  75  28  37
  77  40 111 127 122 124 117  77  65  70  88  69  89  20  28  33
  91 124 105  48 121 121 105  82  77  91  12  92  93  90  89  50
  90  40  98 117 101 109 121   0  64  71  64  95  70  24  89  51
  65  40  96 113 123 106 121  69  80   4  12  92  93  90  89  50
  90  40 127 117 121 104 121  82   4  70  69  67  88  24  81  41
  21 109 121  48 117 123  48   0  87  93  95  64  81  86  88  41
  70 123 105  48  98 125 112   0  84  77  72  85  20  73  73  33
  88  40 111 101 102 121 126  73  80  93  94  16  87  87  82  53
  87  97 109  62  52  85 125  71  74  65  95  16  89  81  28  52
  64 122 124 121 103  56 121  85   4  76  89  89  71  24  85  46
  25  40 111 127 121 117 115  68  75   8  73  66  85  76  28  41
  91  40  98 117 119  56 125  67   4  92  77  83  93  76  85 108
  21 127 101  99 125  56 120  79  74  77  79  16  66  93  80  96
  65 103 126 100 123 106  60  79  86  75  69  16  90  87  82 110
  21  73  96 121 101 109 125  77   4  73  73  94  81  89  82  96
  88 105  96 117 103 109 125  68  69   8  92  92  85  91  89  50
  84 124  44 117 102 121 104   0  74  93  66  83  20  75  89  45
  69 109 126  60  52 104 110  79  77  70  12  86  85  77  95  41
  87 125 127  48 120 113 126  69  86  71  12  81  88  81  77  53
  80 124  44 125 117 109 110  73  87   8  69  93  68  93  78  36
  92 109 120  48 113 127 121  83  80  73  95  28  20  89  82  52
  80  40  96 117 123  56 111  85  87  75  69  64  93  76  28  41
  91  40 122 117 120 113 104   0  72  65  78  85  70  87  16  96
  69  96 109  98 113 108 110  65   4  69  77  92  81  75  73  33
  81 105  44 126 113 123  60  65  73  77  88  16  66  93  80  41
  65  40 106 117  97 127 117  65  80   8  90  89  64  89  89 108
  21 105 120  48  97 116 104  82  77  75  73  67  20  93  78  33
  65  40 109 115  52 124 115  76  75  90  12  94  65  86  95  96
  84 124  34  48  66 119 112  85  84  92  77  68  81  75  28  36
  90 100  99  98  52 125 112  69  73  77  66  68  65  85  28  51
  64 123 124 117 122 124 117  83  87  77  12  81  70  91  73  96
  80 111 105 100  52 125 104  12   4  77  88  16  80  87  82  37
  86  40 124 117 112 125  60  70  86  65  66  87  93  84  80  33
  21 123 101 100  52 116 117  66  65  90  67  28  20  94  93  53
  86  97 110 101 103  56 117  78   4  77  88  16  66  93  78  47
  21 102 105 115  52 126 125  67  77  68  69  67  93  20  28  49
  64 105  97  48 113 107 104   0  65  68  69  68  20  84  83  50
  80 101  44  99 113 124  60  70  69  75  69  92  93  75  85  51
  25  40 105  98 117 108  60  84  75  90  88  95  70  24  74  41
  65 105 105  48 122 119 114   0  64  65  77  93  20  78  85  52
  84 109  34  48  81 109  60  83  65  76  12  81  89  93  72  96
  88 105 127  99 117  56 111  65  67  65  88  68  93  75  28  45
  64 123  32  48  98 125 112  73  80   8  65  89  20  86  89  35
  21 105 104 121 100 113 111  67  77  70  75  16  64  77  78  48
  92 123  44  98 125 107 105  83   8   8  66  81  71  91  89  52
  64 122  44 117  96  56 114  69  71   8  95  85  90  93  95  52
  64 123  44 121 112  56 125  80  80  77  66  68  24  24  89  51
  65  40 124  98 113 108 117  85  73   8  73  66  91  75  28  36
  64  97 127  48 123 106 127  73   4  88  67  66  64  76  85  52
  90 122  44 113 112 113 108  73  87  75  69  94  83  20  28  36
  90 100  99  98  52 121 104   0  81  68  88  66  93  91  89  51
  21 105  97 117  96  56 120  73  69  69  12  93  81  76  73  51
  27  40  72 101 125  56 125  82  71  93  12  94  85  85  28  51
  80 101  44  96 123 108 121  78  80  65  12  93  85  77  78  41
  70  40 111 127 122 124 117  77  65  70  88  69  89  20  28  41
  91  40 127 117 121  56 111  69  64   8  90  85  88  24  95  47
  91 108 101 125 113 118 104  85  73   8  65  81  65  74  85  51
  21 107  99 126  98 121 112  76  77  91   0  16  65  84  72  50
  92 107 105  99  52 118 121  81  81  77  12  82  88  89  82  36
  92 124  44 124 117 123 117  78  77  73  12  81  90  76  89  96
  91 105  97  48  98 121 110  73  81  91   0  16  85  84  85  49
  64 105  97  48 103 125 120   0  84  68  77  83  81  74  93  52
  21 102 105  97  97 125  60  83  69  88  69  85  90  24  79  53
  70 120 105 126 112 113 111  83  65   8  65  81  65  74  85  51
  25  40 109 126  96 125  60  78  77  91  64  16  66  93  82  37
  91 105 120 121 103  56 117  78  80  77  94  84  65  85  28  54
  84 122 101 101 103  56 122  82  77  70  75  89  88  84  93 110
  21  70 121 124 120 121  60  78  65  89  89  85  20  86  73  46
  86  40 104 127 122 125 127   0  66  77  94  93  81  86  72  53
  88  40  98 101 122 123  48   0  65  90  67  67  20  86  89  35
  21 107  99 126 115 109 121   0  64  93  69  16  71  93  81  96
  91 125  96 124 117 117  48   0  77  76  12  67  65  75  76  37
  91 108 101  99 103 125  60  83  71  77  64  85  70  81  79  49
  64 109  44  99 123 124 125  76  65  91  12  85  64  24  85  46
  65 109 107 117 102  52  60  65  72  65  93  69  85  85  28  44
  92 106 105  98 123  56 118  85  87  92  67  16  68  93  88  37
  21  96 105 126 112 106 121  82  77  92  12  95  70  91  85  96
  88 109 120 101 103  52  60  77  77   8  73  66  85  76  28  44
  84 107 101 126 125 121  60  73  74   8  95  85  89  24  74  33
  71  97 121  99  52 125 104  14   4 123  69  68  20  81  76  51
  64 101  44 124 117 123 117  78  77  73  12  70  81  86  89  46
  84 124 101  99  52 125 123  69  87  92  77  67  20  76  85  46
  86  97 104 101 122 108  60  78  81  68  64  81  24  24  89  44
  80  97 106 117 122 124  60  65  64  65  92  89  71  91  85  46
  82  40 101 126  52 104 105  76  82  65  66  81  70  24  81  47
  71 106 101  48 121 121 105  82  77  91   0  16  85  92  85  48
  92 123 111 121 122 127  60  86  77  92  77  85  20  81  82  96
  86 103  98 102 117 116 112  73  87   8  77  92  93  73  73  37
  65  40 124 120 117 107 121  76  72  93  95  28  20  94  78  41
  91 111 101 124 120 121  60  83  77  92  12  93  85  84  89  51
  64 105 104 113  52 121  60  65   4  73  66  68  81  20  28  33
  89  97 125 101 117 117  60  68  81  65  12  83  91  85  81  47
  81 103  44 113 122 108 121   0  72  65  75  69  88  89  28  37
  70 124  44  99 113 124  50   0 119  77  72  16  89  77  79  96
  92 102 120 117 102 124 105  77   4  91  73  84  20  75  89  36
  21 101 121  99  56  56 113  79  72  77  95  68  93  93  28  37
  64  97 127 125 123 124  60  83  65  76  12  68  81  85  76  47
  71 109  44 121 117 123 105  76  77  91  12  85  83  93  72  96
  81  97 107 126 125 107 111  73  73   4  12  93  85  84  89  51
  64 105 104 113  52 109 112  84  86  65  79  89  81  75  28  41
  91 124 105 119 113 106  60  77  65  92  89  67  20  93  72  96
  88 105 127  99 117  52  60  78  75  70  12  65  65  81  79  96
  88 105 121  98 125 107  60  86  69  90  69  69  71  24  88  47
  91 109 111  48  97 116 104  82  77  75  69  85  71  24  95  47
  91 108 101 125 113 118 104  85  73   6  12 118  65  75  95  37
  21 108 121 115 125 117 105  83   4  70  73  83  20  89  89  46
  80 105  98  48 120 113 123  85  72  73  12  64  70  87  85  46
  21 123 105 116  56  56 113  79  86  74  69  16  85  85  89  52
  21 127 101  99 125  56 108  79  86  92  88  89  64  87  78  96
  80 111 105 100  52 104 125  82  80  93  94  89  81  86  72  96
  88 105 121  98 125 107  48   0  85  93  69  67  20  81  82  96
  88 105  96 117 103 109 125  68  69   8  64  69  87  76  73  51
  21 107 121  98 103 109 111   0  65  92   0  16  85  84  85  49
  64 105  97  48 120 119 126  79  86  92  69  67  20  86  89  52
  64 123  44 115 120 121 111  83   4  69  77  92  81  75  73  33
  81 105  44 126  97 116 112  65  73   8  72  89  71  20  28  46
  80 107  44  99  97 107 108  69  74  76  69  67  71  93  28  36
  90 100  99  98  52 124 117  83  80  65  66  83  64  81  83  96
  92 102 120 117 115 125 110   0  82  77  95  68  93  90  73  44
  64 101  44 126  97 116 112  65  10   8  96  85  91  24  95  53
  88 121 121 117  52 116 105  67  80  93  95  16  67  81  79  41
  21 109  96 117 125 126 121  78  64   8  72  95  88  87  78  96
  83 122 101 126 115 113 112  76  69   4  12  66  92  87  82  35
  64 123  44 115 120 121 111  83   4  70  69  82  92  24  93  45
  80 124  44 117 103 108  60  80  72  73  79  85  70  89  72  96
  70 125 127 115 125 104 117  84   8   8  65  95  88  93  79  52
  92 109  44 113 120 113 109  85  65  92  12  89  90  24  81  53
  70  40 101 116  52 123 105  82  87  93  95  30  62  50 111  41
  65  40 109 115  52 109 104   0  84  73  94  68  65  74  85  37
  91 124  44 121 122  56 125  67   8   8  95  85  80  24  82  53
  89 100 109  48 113 108 117  65  73   8  95  85  80  24  77  53
  84 101  44  97  97 113 111   0  71  71  65  93  91  92  83 108
  21 105 121 119  97 125  60  86  65  68  12  69  64  24  80  33
  86 125 127  48 117 117 121  84   4  65  66  28  20  78  85  54
  84 101 121  99  52 106 117  83  81  91  12  81  88  81  77  53
  80 124  44 124 123 122 115  82  80  65  95  16  90  77  82  35
  21 105 120  62  52  81 114  67  65  88  88  95  71  24  93  35
  21 107 126 113 103  56 108  85  86  93  95  16  68  84  93  35
  80 122 109 100  52 118 125  84  75  89  89  85  20  92  83  44
  90 122  32  48 100 119 110  84  69   8  92  69  88  78  85  46
  84 122  44 121 122 108 121  71  65  90  12  83  91  86  79  37
  86 124 105 100  97 125 110   0  72  77  79  68  65  75  28  48
  64 122 121  99  56  56 112  65  71  65  66  89  85  24  80  41
  82 125  96 113  52 116 105  67  80  93  95  16  87  87  82  54
  84 100  96 121 103  56 122  69  81  79  69  81  64  24  72  37
  88 120  99  98 125 122 105  83   4  78  73  69  83  81  93  52
  25  40 101 126 119 125 108  84  75  91  12  81  20  75  73  51
  69 109  98 116 125 107 111  69   4  73  89  87  65  93  28  54
  80 123 120 121 118 109 112  85  73   8  95  95  80  89  80  37
  70  36  44 117 120 113 104   0  72  93  79  68  65  75  28  46
  90 102  44  99 113 124  60  69  67  77  88  16  87  87  82  54
  84 100  96 121 103  54  60 115  81  91  92  85  90  92  85  51
  70 109  44 116  97 113 111   0  72  77  79  68  65  75  28  46
  64 100  96 113  52 124 105  73   4  68  73  95  20  86  73  44
  89 105  32  48 117  56 105  76  80  90  69  83  81  75  28  54
  92 124 109 117  52 121 112  73  85  93  73  68  20  81  88  96
  80 125  44 100 102 113 111  84  77  89  89  85  24  24  76  53
  71 125 127  48 122 119 114  85  73  69  85  16  81  77  85  51
  88 103 104  48 117 118 104  69   4  88  89  66  65  75  28  35
  90 102 104 121 121 125 114  84  81  69  12  85  71  76  18  96
 112 100 101 100  52 117 121  84  81  91  12  67  91  84  80  41
  86  97 120 101 112 113 114   0  82  77  64  16  93  92  28  44
  92 106 105  98 123  52  60  65  86  75  89  16  71  93  81  48
  80 122  44  96 102 119 117  78   4  69  67  92  81  75  72  41
  80  40 106 117 120 113 111   0  71  71  66  84  93  85  89  46
  65 125  97  48 103 113 104  12   4  73  79  16  71  87  88  33
  89 109 127  48 123 124 117  79   4  76  89  89  20  89  88  41
  69  97 127 115 125 118 123   0  87  65  88  16  66  89  78  41
  64 123  32  48 100 125 120  69   4  65  72  16  71  89  76  41
  80 102  44 101 102 118 125   0  73  73  89  66  93  75  28  48
  71 105 105  99 113 118 104  12   4  77  75  85  64  24  72  53
  71 120 101  99  52 105 105  73  87   8  91  89  71  81  28  46
  84 101  44 126  97 116 112  65  73   8  90  95  88  77  72  48
  84 124  34  48  85 108  60  67  86  73  95  16  85  74  95  53
  21 126 101 102 117 117 105  83   4  68  69  82  81  74  83  96
  88 105 105 115 113 118 125  83   8   8  66  85  69  77  89  96
  88 125 127  48 113 108  60  80  76  73  94  85  64  74  93  96
  65 109  96 124  97 107  60  78  75  70   0  16  81  76  85  33
  88  40 101 126  52 124 115  78  65  75  12  67  81  85  76  37
  71  40 127 113 115 113 104  84  77  91  12  81  64  24  88  47
  91 109 111  62  52  90 112  65  74  76  69  68  20  86  89  35
  21 126  99 124  97 104 104  65  87   8  77  83  20  75  89  36
  21 102 121 126 119  52  60  83  65  76  12  94  81  91  28  44
  90 122 105 125  52 123 115  78  87  77  93  69  85  76  28  36
  92 105  97  48 126 109 111  84  75   8  65  81  71  75  93 108
  21 105 126 115  97  56 112  69  75   8  73  68  20  77  72  96
  89  97 107 101 120 121  60  65   4  78  73  92  93  75  16  96
  81  97 111 100  97 117  60  65  80   8  65  81  65  74  85  51
  21 121 121 121 103  56 104  69  73  88  67  66  20  86  73  44
  89 105  34  48  89 119 112  76  77  91  12  65  65  89  81  96
  80 111 105  99  96 121 111   0  65  92  12  64  81  92  89  96
  86 125 126 113 113  52  60  86  65  91  88  89  86  77  80  53
  88  40 127 117 112  56 117  78   4  77  66  89  89  24  88  53
  92  40  97 127 102 122 117  12   4  73  65  85  64  24  79  37
  81  40 111 101 102 107 105  83   4  95  69  67  93  24  81  33
  80 107 105 126 117 107  60  65  80   6  12 113  80  81  76  41
  70 107 101 126 115  56 125   0  74  73  65  16  71  81  72  96
  86 103  98  99 113 123 104  69  80  93  73  66  20  86  85  34
  93  40 122 121  96 121 121  12   4  70  67  94  20  77  80  52
  71  97 111 117 103  56 125  82  71  93  12  94  65  84  80  33
  21 102 109 125  52 104 116  65  86  77  88  66  85  20  28  35
  90 102 107 101 113  56 115  68  77  71  12  81  20  85  83  44
  89  97 127  48 100 125 112  76  65  70  88  85  71  73  73  37
  21 101 101  60  52 113 114   0  82  65  88  81  81  24  88  53
  92 123  44 118 117 123 117  76  77  91  69  67  20  93  72  96
  92 108  44 124  97 123 104  85  87   4  12  70  93  76  93  37
  21 124 126 121 103 108 117  81  81  77  12  64  81  84  80  37
  91 124 105  99 101 109 121   0  74  71  66  69  89  85  69  96
  71  97 127 101 103  56 120  79  72  71  94  30  20 118  73  46
  86  40 106 117 120 113 111   0  84  77  72  85  20  91  78  33
  70  40 106 101 103 123 121   0  84  93  64  70  93  86  93  50
  21 121 121 121 103 105 105  69   8   8  69  64  71  77  81  96
  84 100 101  97  97 121 113   0  74  93  66  83  20  77  80  52
  71  97 111 121 113 107  60  77  75  90  78  89  20  86  89  35
  21 101 109 117 119 125 114  65  87   4  12  85  71  76  28  36
  90 100  99  98  52 125 123  69  80   8  69  94  20  78  83  44
  64 124 124 113  96  56 125  67   8   8  66  69  90  91  28  46
  80 121 121 117  52 116 115  66  75  90  88  89  71  24  79  37
  81  40 105  98 117 108  60  84  65  69  92  69  71  22  54  74
 113  97 109 125  52 121 113  69  80   8  66  81  89  24  82  53
  91 107  44  98 125 107 105  83   4  70  89  94  87  24  79  37
  81  36  44 113  96  56 117  78  80  77  75  85  70  24  74  37
  91 109  98 113  96 113 111   0  73  71  64  92  93  75  28  37
  64  40 111  98 117 107  60  73  74  92  73  87  81  74  16  96
  89 109 111 100  97 107  60  80  75  92  73  94  64  81  28  37
  91  97  97  48 117 106 127  85   4  91  73  93  20  84  93  35
  92 102 101 113  56  56 115  68  77  71  12  84  93  91  72  53
  88  40 105 100  52 109 110  78  69   8  90  95  88  77  72  48
  84 124  44 116  97 113  60  86  77  92  77  85  24  24  95  53
  71 105 110 121  96 109 110   0  85  93  69  67  69  77  89  96
  69 122 105 100 125 109 113   0  77  70  12  81  20  89  73  39
  64 109  34  48  90 109 112  76  69   8  89  66  90  89  28  34
  92 106 105 126 112 109 113   0  77  76  12  69  64  24  80  33
  86  97  98 121 117  52  60  83  65  76  12  68  81  84  80  53
  70  40 122 117 103 108 117  66  81  68  89  93  20  86  73  44
  89 105  97  48 117 116 117  81  81  73  65  16  85  93  82  37
  84 102  44  99 125 108  48   0  84  77  72  85  20  72  84  33
  71 109 120  98 117  56 120  73  71  92  89  93  20  86  73  44
  89 105  97  48 119 119 114  71  81  77  12  95  70  91  85 108
  21 109 121  48 100 125 120  69   4  77  64  89  64  24  90  37
  89  97 127  48 117 104 104  69  74  92  12  84  65  81  28  45
  92  36  44 118  97 107 127  69   4  69  77  68  64  81  79  96
  80 122 109 100  52 126 121  76  77  91  12  93  93  24  94  41
  87 109  98 116  97 117  60  65  81  92   2  16 125  72  79  53
  88  40 120 101 102 104 117  83   4  89  89  89  71  24  93  52
  21 102  99  99  96 106 125   0  65  93   0  16  81  74  83  51
  21 120 105 124 120 125 114  84  65  91  93  69  81  24  82  37
  86  40 101  96 103 109 113   0  87  77  72  16  82  74  85  46
  82  97  96 124 117  56 104  82  77  91  88  89  69  77  89 108
  21 100  99 114 123 106 104  73  87   8  65  81  65  74  85  51
  21 109 120 121 117 117  60  68  75  70  73  83  20  72  89  50
  21 120 100 113 102 125 104  82  69   6  12 117  64  24  93  52
  21 121 121 121 103  56 114  65  73   8  90  89  66  93  78  50
  84  40 105 101  52 121 110  67  81   4  12  67  81  92  28  50
  92 123 121  99  52 116 117  66  65  90  67  16  85  76  28  46
  80 107  44  97  97 113 111  12   4  69  67  66  86  81  28  52
  64 122 124 121 103  56 108  69  72  68  73  94  64  93  79  49
  64 109  44 117 102 121 104   0  80  93  94  64  93  75  28  54
  80  96 101 115  97 116 125   0  82  73  94  89  65  75  16  96
  67 109  96  48 121 121 121  67  65  70  77  67  20  93  80  41
  65  40 109 117 122 125 125  78   4  94  73  88  93  91  73  44
  84  40 109 125 113 108  48   0  69  75  12  69  70  86  93  96
  80 124  44 113 120 113 109  85  65  92  12  94  85  75  95  37
  65 125 126  48 115 106 125  86  77  76  77  16  93  72  79  53
  88  38  44  86 117 109 127  73  70  93  95  16  93  72  79  53
  88  40  97 101 103  56 108  69  64  77  12  83  70  89  79  96
  81 103  98 117 119  52  60  78  77  91  64  16  90  93  95  96
  86 122 109  99  52 110 121  76  77  92  12  94  65  84  80  33
  21 123 121  99 100 125 114  68  77  91  95  85  24  24  82  53
  89 100 109 125  52 107 115  76  72  65  79  89  64  77  88  41
  91  40 109 115  52 117 125  83  87  73  12  93  85  77  78  41
  70  40 126 121 112 113 127  85  72  93  95  16  71  81  72 108
  21 106  96 113 122 124 117  84   4  68  67  82  91  74  72  41
  70  40  98 101 122 123  60  80  81  90  89  67  20  76  89  44
  89 125 127  48  98 109 112  80  81  92  77  68  81  20  28  49
  64  97 127  48 126 109 111  84  75   8  89  66  90  89  28  33
  88 109 120  48 119 106 125  83   4  89  89  81  89  24  72  53
  71 120 101  99  58  56  95  79  74  91  73  83  64  93  72  53
  80 122  44 124 117 123 105  83   4  69  77  85  87  93  82  33
  70  40 124 117 122 121 104  73  70  93  95  16  90  77  80  44
  84 101  44 126  97 116 112  65   4  94  73  67  64  81  94  53
  89 125  97  60  52 117 125  85  86  65  95  16  68  77  78  53
  70  40 120 117 120 116 105  83   4  91  73  84  20  86  83  46
  21 109  96 117 125 126 121  78  64   4  12  67  81  85  76  37
  71  40 104 117 120 125 114  73  80  65  12  65  65  81  79  96
  81 105 124 121 118 109 111   0  85  93  77  85  20  76  85  46
  86  97 104 101 122 108  50   0 104  71  94  85  89  24  95  50
  84 123  44 102 113 112 117  67  81  68  77  16  81  86  85  45
  21  97  98  48 117 116 117  81  81  73  65  28  20  85  93  44
  80 123 121 113 112 121  60  83  81  91  92  85  90  92  85  51
  70 109  44 124 113 119  60  68  75  70  73  83  20  91  83  46
  70 109 111 100 113 108 105  69  86   8  77  92  93  73  73  37
  65  36  44 124 117 123 105  83   4  73  89  87  65  93  28  49
  64 105  97  48 103 113 104   0  72  73  79  69  71  24  73  52
  25  40 105  98 123 107  60  78  65  75  12  86  85  91  85  44
  92 123 101  99  52 118 115  78  81  69  65  73  20  75  95  37
  89 109 126 121 103 105 105  69   4  69  77  85  87  93  82  33
  70  40 101 126  96 125 123  69  86   4  12  84  65  81  28  44
  92 106 105  98 123  56 104  69  72  68  89  67  20  89  80  41
  68 125 109 125  52 109 104   0  69  93  75  69  81  22  28   1
  65  40 104 121 117 117  60  80  81  90  89  67  20  85  93  52
  65  97 127  48 100 125 112  76  65  70  88  85  71  73  73  37
  21 120 105 124 120 125 114  84  65  91  93  69  81  24  93  45
  80 124  32  48 125 118  60  80  75  91  89  85  70  93  28  53
  71 102 109  48 120 113 123  85  72  73  12  85  65  24  82  37
  86 109 127  99 125 108 125  84  77  74  89  67  24  24  89  53
  21  96 105 126 112 106 121  82  77  92  12  70  93  76  93  37
  21 101 109 101 102 113 111   0  72  73  79  89  90  81  93  96
  86 122 109  99  52 121 112  73  85  93  77  93  24  24  93  44
  92 121 121 117  96  56 127  85  86  73  78  89  64  77  78  96
  92 102  44 102 113 116  60  85  72  68  77  93  87  87  78  48
  80 122  44 100 113 116 112  85  87   6  12 114  93  90  89  46
  81 125  97  48 113 108  60  86  77  92  77  85  20  92  73  41
  21 124 121  98 100 113 111   0  82  65  88  81  81  24  79  53
  70 120 105 126 112 113 111  83  65   4  12  89  90  24  79  47
  89 100 101 115 125 108 105  68  77  70  12  67  91  91  85  41
  70  40 104 101 125  56 107  73  87  65  12  84  65  81  28  44
  84 107 121  99  56  56 114  69  71   8  88  85  88  84  73  51
  21 102 105 115  52 104 121  68  65   8  69  94  20  89  89  46
  80 105  98  48 117 116 117  81  81  73  65  30  62  50 114  33
  88  40 124  98 117 125 111  69  74  92  69  69  89  24  72  37
  89 100 121  99  52 104 115  82  80  73  12  89  68  75  73  45
  21 120 126 117  96 113 105  77   4  95  69  67  93  20  28  42
  64 123 120 127  52 118 105  78  71   8  66  69  88  84  93  45
  21 108 121 121  52 113 120   0  77  76  12  69  64  20  28  33
  88 109 120  48 113 109 117  83  73  71  72  16  66  93  80  41
  65  40  96 121 115 109 112  65   4  65  72  16  90  77  80  44
  84 101  32  48 112 113 123  78  77  91  95  89  89  24  74  37
  91 109  98 113  96 113 111   0  82  77  64  16  68  93  82  33
  65  97 110 101 103  56 111  65  84  65  73  94  20  93  79  52
  25  40  98 101 120 116 125   0  80  77  65  64  65  75  28  53
  65  40 104 101 125  56 113  65  67  70  77  16  68  93  80  44
  80 102 120 117 103 105 105  69   4  76  67  92  91  74  89 110
  21  70 101 114 124  56 111  85  87  88  73  94  80  81  79  51
  80  40 126 117 102 109 113   0  66  73  65  85  71  24  93  96
  69 109 104 117  52 107 117  84   8   8  64  81  87  77  79  96
  65  97  98 115 125 124 105  78  80   8  90  81  70  81  73  51
  21 108 101 113 121  56 122  82  77  70  75  89  88  84  93  96
  70  97 120  48  98 113 106  65  73  93  95  28  20  81  82  96
  91 103  98  48 113 119 111   0  64  71  64  95  70  24  89  52
  21 120 100 113 103 125 112  76  81  91  12  70  81  84  18  96
 116 101 105 100  52 118 121  81  81  77  12  68  81  84  80  53
  70  40  98 121 103 116  60  76  65  75  88  69  71  24  79  53
  70 120 105 126 112 113 111  83  65   4  12  67  93  76  28  36
  90 100  99  98  52 121 105  71  81  77  12  89  80  24  77  53
  84 101  44  96 113 116 112  69  74  92  73  67  69  77  89 108
  21  96 105 126 112 106 121  82  77  92  12  70  81  84  28  36
  64  97 127  48 119 119 114  71  81  77  12  81  87  24  89  50
  84 124  32  48 101 109 125  77   4  77  88  16  90  89  72  47
  68 125 105  48 121 119 110  66  77   8  69  84  20  81  81  48
  80 122 104 121 113 108  48   0  74  93  64  92  85  24  93  35
  21 105 120  48 100 112 125  83  65  68  64  69  71  24  76  50
  84 109 127 117 122 108  60  73  73  88  73  66  80  81  89  52
  27  40  89  98 122 121  60  84  65  69  92  69  71  24  93  52
  21 123  99 116 117 116 121  83   4  94  67  92  65  76  76  33
  65  40  98 117 119  52  60  70  86  65  66  87  93  84  80  33
  21 108 101 115  96 109 113   0  82  77  66  85  90  89  72  41
  70  40  98 117 119  56 118  85  87  92  67  16  81  74  93  52
  21 105  97 117  96  52  60  78  81  68  64  81  20  78  85  52
  84 109  44 116  97 113  60  73  86  93  94  85  20  87  78  35
  92  40 105 100 125 121 113  12   4  93  94  94  85  24  80  41
  82 125  96 113  52 117 125  83  87  73  12  94  65  86  95  96
  84 107  44 127 112 113 115   0  65  79  73  68  24  24  79  41
  65  40 109 115  52 123 110  65  87   8  77  83  20  84  83  50
  80 101  44 118 117 117 121  83   4  76  89  89  26  24 112  53
  86 124 121  99  52 110 121  83  80  65  78  69  88  77  81  96
  70 103 104 113 120 125 111   0  69  68  69  65  65  89  81  96
  80 125 101  99 121 119 120   0  72  73  79  89  90  81  93 108
  21 125  96 100 102 113 127  73  65  91  12  94  93  90  84  96
  69  96 109  99 113 116 112  85  87   8  92  85  88  84  89  46
  65 109 127  97  97 125  60  73  74  92  73  87  81  74  28  48
  80 108 105  48 101 109 125  77   8   8  77  16  71  77  79  35
  92 120 101 100  52 117 125  85  86  65  95  16  89  93  72  53
  70  40 105 100 125 121 113   0  78  93  95  68  91  20  28  44
  90 122 105 125  52 113 120   0  64  65  95  16  87  87  81  45
  90 108  99  48 121 121 121  67  65  70  77  67  20  89  89  46
  80 105  98  60  52 109 104   0  65  73  12  65  65  81  79  96
  91  97 110 120  52 123 110  65  87   8  90  89  66  89  81  53
  70  40 123 121 103 113  50   0 105  73  75  94  85  24  82  41
  87  96  44  99 113 124  60  83  75  68  64  89  87  81  72  53
  81  97  98  48 100 119 111  85  65  90  73  16  66  93  80 108
  21 100 109 127 102 125 121  84   4  65  66  16  81  84  85  52
  21 105 126 115  97  56 108  69  86   8  64  85  91  20  28  45
  90 100 105  99  96 113 121   0  86  65  95  69  71  24  90  37
  89  97 127  48 122 113 111  76   4  69  67  94  64  93  79  96
  82 122 109 102 125 124 125  12   4  88  89  92  66  81  82  33
  71  40 124  98 123 113 114   0  64  65  75  94  93  75  79  41
  88  40 120 117 120 116 105  83   4  92  73  92  88  77  79  96
  90 122 111 121  58  56  88  85  77   8  92  66  85  93  79  37
  91 124  44 117 115 125 104   0  80  71  94  68  91  74  28  37
  64  40  97 113 120 125 111  85  69  76  77  16  68  77  78  53
  70  36  44 102 125 110 125  77  81  91  12  86  81  77  91  41
  84 124  44 117  96  56 121  71  65  92  12  85  88  81  72  96
  87  97 110 117 122 124 105  77   4  68  73  83  64  77  79 108
  21 105 104 121 100 113 111  67  77  70  75  16  64  81  82  35
  92 108 121 126  96  56 113  69  80  93  95  16  89  89  72  52
  92 123  44 125 117 127 114  65   4  73  89  68  24  24  79  37
  81  40 101 125 100 125 110  68  77  77  88  16  64  93  80  44
  64 123  44 121 122 108 121  71  65  90  12  83  70  89  79  96
  92 102  44 124 117 123 105  83  10   8 105  68  20  89  73  39
  64 109  44  99 123 124 125  76  65  91  12  93  85  84  89  51
  64 105 104 113  52 124 115  76  75  90  69  82  65  75  28  33
  91 124 105  48 121 113 114  73  73   4  12  94  65  86  95  96
  84  40 109 117 122 125 125  78   4  92  73  92  88  77  79  96
  65 122 101  99  96 113 109  85  65   8  72  95  90  93  95 108
  21  97  98  48 113 116 121  73  66  77  66  84  20  91  83  46
  70 109 125 101 117 108  60  73  74  92  73  87  81  74  28  48
  64 122 121  99  52 110 121  83  80  65  78  69  88  77  81  96
  84 125 107 101 113  52  60  86  77  92  77  85  20  89  95  96
  84 122 111 101  52 107 121  68   4  94  73  92  20  72  89  46
  84 124 101 114  97 107  60  81  81  73  65  30  20 110  89  40
  92 107 121 124 117  56 112  69  71  92  89  67  20  77  72  96
  84  40 105 101  52 123 115  78  82  73  64  92  93  75  28  33
  81  97 124 121 103 123 117  78  67   4  12  71  93  75  85  96
  70 109 104  48 120 121 127  73  74  65  77  16  82  74  85  46
  82  97  96 124 117  56 121  84   4  94  73  67  64  81  94  53
  89 125  97  60  52 117 105  83   4  92  73  92  88  77  79  96
  67 103  96 101  96 104 125  84   4  91  69  68  20  76  73  50
  69  97 127  48 121 121 105  82  77  91   2  16 113  76  28  46
  84 124  99  97  97 125  60  76  75  90  73  93  20  75  73  46
  65  40  96 113 119 109 111   0  80  93  94  64  93  75  28  54
  80 100  32  48 113 107 104   0  64  93  69  16  82  93  80  41
  70  40 127 127 112 121 112  69  87   8  67  84  93  87  28  36
  92 123  44 124 117 123 105  83   8   8  93  69  85  85  28  33
  88 109 120  48 117 108  60  65  65  70  73  81  90  24  90  33
  88 109 127  48 118 113 126  69  74  76  89  93  20  75  83  36
  84 100 105  99  58  56  80  79  70  71  94  68  93  75  28  36
  64  97 127  48 122 109 112  76  69  69  12  81  87  24  76  50
  84 109 127 117 122 108  60  82  81  92  94  69  89  24  90  50
  92 102 107 121 120 116 125  12   4  94  73  92  20  86  83  46
  21 126  99 124  97 108 108  65  80   8  70  69  71  76  83  96
  80 125 101  99 121 119 120   0  87  73  92  89  81  86  16  96
  80 122 109 100  52 116 125  67  81  91  12  64  81  92  89  96
  92 108  44 115  97 106 125  66  77  92  89  66  20  85  93  53
  71  97 127  48  98 113 104  65  65   4  12  93  91  74  94  41
  21 102 121 124 120 121  60  86  65  68  69  68  20  92  83  44
  90 122  44 103 125 107 117   0  82  65  88  81  81  22  54  74
 112 122  99  99  52 113 114   0  64  71  66  85  87  24  73  52
  21 124 105 125 100 119 110   0  69  93  75  69  81  24  74  33
  71  97 121  99  56  56 114  69  85  93  73  16  66  89  78  41
  64 123  44 116 125 107  60  76  65  71  12  85  76  93  78  35
  92 124 109 100 125 119 114   0  82  65  88  81  81  20  28  46
  80 107  44 118 113 109 123  73  69  92  12  94  93  90  84  96
  84 122 111 101  52 121 120  73  84  65  95  83  93  86  91  96
  65 122 101  99  96 113 109  85  65   8  64  95  70  93  81 108
  21 125  96 100 102 113 127  73  65  91  12  92  85  91  85  46
  92 105  44 127 102 123 117   0  65  79  73  68  20  87  88  41
  90  40  96 121 118 125 110  79   4  73  79  28  20  93  82  41
  88  40  99 116 125 119  60  67  86  73  95  16  70  77  72  50
  64 101  44  99 125 108  60  81  81  65  95  16  80  81  95  52
  64 101 127 100  58  56  79  67  65  68  73  66  93  75  77  53
  80  40  98 121 118 112  60  69  80   8  72  95  88  87  78  96
  80 125  44  96 123 106 104  65   8   8  90  95  88  77  72  48
  84 124  44  96 120 121 127  69  86  73  88  16  81  77  28  44
  92 111 121 124 117  56 112  85  71  92  89  67  20  89  73  35
  65 103 126  60  52 110 125  82  77  93  95  16  88  93  95  52
  64 123  44  96 120 121 127  69  86  73  88  16  89  89  73  50
  92 123  44 121 100 107 105  77   4  69  69  28  20  72  83  50
  65 105  44 103 125 107 117   0  84  71  94  68  64  81  72  47
  71  40 122 121  96 121 121   0  73  73  95  67  85  24  76  50
  84 109 127 117 122 108  60  83  81  91  92  85  90  92  85  51
  70 109  32  48 122 125 127   0  65  91  88  16  85  86  72  37
  21 105 126 115  97  56 113  65  81  90  69  67  20  78  93  50
  92 125 127  62  52  86 105  76  72  73  12  95  80  81  83  96
  90 122 111 121  52 121 113  69  80   8  78  89  86  93  82  36
  64 101  44 115 123 118 111  69  71  92  73  68  65  93  78 108
  21 102 105  97  97 125  60  86  65  68  12  92  93  95  73  44
  84  40 104 121 103  56 105  82  74  73  12  85  71  76  16  96
  64 124  44 117 103 108  60  86  65  91  88  89  86  77  80  53
  88  40 105 126 125 117  60  77  69  93  94  89  71  24  93 108
  21 126 105 126 113 118 125  84  77  91  12  67  65  75  76  37
  91 108 101  99 103 125  60  69  86  71  95  16  87  87  81  45
  90 108  99  48 121 119 112  69  87  92  69  85  20  89  95  96
  83 109  96 121 103  54  60 115  77  92  12  94  91  86  28  38
  80 100 101  99  52 118 105  76  72  73  12  64  81  86  93  52
  92 106 121  99  52 118 121  67   4  88  64  81  87  93  78  33
  65  36  44 102 113 107 104  73  70  93  64  69  89  24  78  40
  90 102 111 101 103  56 106  73  82  73  65  69  71  24  84  57
  88 109  98 113 113 119 111   0  81  92  12  83  65  85  16  96
  66  97 127 121  52 117 115  82  70  65  12  67  85  72  85  37
  91  40  98 127 122  56 114  85  74  75  12  93  91  74  94  41
  21 120 121 124  98 113 114  65  86   6  12 126  81  91  28  49
  64 105  97  48 124 125 114  68  86  77  94  89  64  24  80  33
  90 122 105 117  96  56 127  79  74  94  77  92  88  81  79  96
  64 124  32  48 103 125 120   0  71  71  66  67  81  73  73  33
  65  40 104 113 100 113 126  85  87   8  69  64  71  77  81  96
  89 105 111 121 122 113 125   0  74  77  79  28  20  78  85  54
  80 122 126 113  52 107 125  80  77  77  66  16  71  77  79  35
  92 120 101 100  52 118 115  78   4  89  89  89  71  73  73  37
  21 108 101 119 122 113 111  83  77  69  12  66  93  75  73  51
  27  40  73 101  52 126 125  67  77  68  69  67  93  75  28  33
  71 107 121  48 120 125 127  84  81  91  12  81  81  86  89  33
  91  40 121 100  52 110 121  78  65  70  77  68  93  75  16  96
  67 105 126 121  97 107  60  86  65  68  12  86  85  91  85  44
  92 123 101  48 113 108  60  83  81  91  79  89  68  81  72  96
  70 109 104  48  96 125 113  80  75  90   0  16  90  93  77  53
  80  40 111 127 122 127 105  69   4  93  64  92  85  85  95  47
  71 120 105  98  52 110 117  86  69  69  89  67  20  78  89  44
  92 124  44 113 119  56 114  85  72  68  77  28  20  89  78  35
  64  40  98 121 103 116  60  76  69  71  94  85  81  76  28  52
  92 102 111 121 112 109 114  84   4  94  69  68  85  93  28  41
  91  40 106 101 103 123 121  12   4  92  73  92  88  77  79  96
  84  40  96 117 123  56 121  83  80   8  88  85  89  72  73  51
  21 101 105 100  97 107  50   0  97  93  12  84  91  86  89  35
  21 100  99 114 123 106 104  73  87   8  69  94  64  93  91  37
  71  40 104 121 103  56 111  65  84  65  73  94  20  93  91  37
  65  36  44 125 117 107 111  65   4  89  89  81  89  24  79  33
  82  97 120 100 125 107  60  68  75  70  73  83  20  78  83  44
  64 124 124 113  96  56 117  78   8   8  73  68  20  76  89  44
  89 125 127  48 100 125 112  76  65  70  88  85  71  73  73  37
  21 123  99 116 117 116 121  83   4  94  73  92  20  75  85  52
  21 126 105  99  96 113 126  85  72  93  65  28  20  75  73  51
  69 109  98 116 125 107 111  69   4  70  73  83  20  94  89  44
  92 123  44 113 119 123 105  77  87  73  66  16  88  87  78  37
  88  40 105 124 125 108  60  69  67  77  95  68  85  75  16  96
  65 125 126  96 125 107  60  79  86  70  77  66  81  24  90  50
  92 102 107 121 120 116 125   0  82  65  88  81  81  24  93  44
  92 121 121 113 121  56 114  85  72  68  77  16  66  93  80 110
  21  75 121  98 103 109 111   0  74  77  93  69  81  24  72  37
  89 100 121  99  52 108 121  76  72  93  95  16  88  81  94  37
  71 103  44 117 102 121 104   0  75  76  69  95  24  24  81  47
  89 100 101  99  52 116 121  79   4  68  73  95  20  77  72  96
  81  97 111 100  97 117  60  65   8   8  77  69  83  77  89  96
  69 105 126 121 117 108 105  82   4  70  69  82  92  24  93  52
  21 126 121 124 100 109 104  65  80  77  12  70  85  74  85  53
  70  40 109 101  96  54  60 115  65  76  12  84  93  75  28  45
  92  40  98 127 122  56 109  85  75   8  77  68  20  81  88 108
  21 103 126 126 117 106 121   0  82  77  64  16  68  93  80  44
  80 102 120 117 103 105 105  69   4  94  69  68  85  93  28  37
  91  97  97  48 126 109 111  84  75   4  12  81  88  81  77  53
  84 101  44  99 113 124  60  73  74  92  73  87  81  74  28  48
  80 108 105  48 117 118 104  69   4  92  73  92  88  77  79 110
  63
